0 296.824 169.829
1 592.262 91.5703
2 936.821 64.1538
3 1187.4 50.3016
4 1540.94 41.8534
5 1813 36.1055
6 2085.96 31.9117
7 2338.8 28.7004
8 2596.2 26.1527
9 2866.36 24.0762
10 3144.37 22.347
11 3393.75 20.8819
12 3647.27 19.6226
13 3925.67 18.5271
14 4208.19 17.5643
15 4478.77 16.7106
16 4705.08 15.9477
17 4991.88 15.2613
18 5252.68 14.6401
19 5519.31 14.0748
20 5793.33 13.5579
21 6047.67 13.0832
22 6319.77 12.6455
23 6599.34 12.2405
24 6838.45 11.8645
25 7095.31 11.5144
26 7343.37 11.1875
27 7623.41 10.8814
28 7861.88 10.5942
29 8111.11 10.3241
30 8362.37 10.0695
31 8644.72 9.82904
32 8918.63 9.60159
33 9224.27 9.38605
34 9485.67 9.18147
35 9823.16 8.98699
36 10098.9 8.80186
37 10350.5 8.62539
38 10645.6 8.45696
39 10890.4 8.296
40 11136.5 8.14202
41 11398.2 7.99454
42 11645.4 7.85314
43 11886.9 7.71745
44 12155 7.5871
45 12436.2 7.46177
46 12698.2 7.34117
47 12939.8 7.22503
48 13186.8 7.11308
49 13514.5 7.00509
50 13779.8 6.90085
51 14058.9 6.80017
52 14325.2 6.70284
53 14598.8 6.6087
54 14920.6 6.51759
55 15193.8 6.42936
56 15453.4 6.34387
57 15736.9 6.26098
58 15976.4 6.18057
59 16251.4 6.10254
60 16498.7 6.02676
61 16786.6 5.95314
62 17054.7 5.88159
63 17337.4 5.81202
64 17615.2 5.74433
65 17918.5 5.67845
66 18184 5.61431
67 18456.5 5.55184
68 18714.8 5.49096
69 18990.3 5.43162
70 19221.9 5.37376
71 19491.4 5.31731
72 19767.3 5.26223
73 20100.7 5.20846
74 20393.3 5.15595
75 20623.3 5.10466
76 20914.9 5.05455
77 21210.3 5.00557
78 21485.8 4.95769
79 21709.5 4.91086
80 22041.9 4.86505
81 22356.3 4.82022
82 22604.6 4.77635
83 22868.4 4.73339
84 23124.7 4.69133
85 23359.9 4.65013
86 23621.6 4.60976
87 23879.7 4.5702
88 24148.3 4.53143
89 24437.4 4.49341
90 24694.2 4.45613
91 24958.8 4.41956
92 25250.9 4.38369
93 25508.2 4.34849
94 25783.5 4.31394
95 26067.3 4.28002
96 26350.3 4.24672
97 26633.8 4.21402
98 26892.4 4.1819
99 27182.9 4.15035
100 27486.2 4.11934
101 27767.4 4.08887
102 28043 4.05893
103 28308.7 4.02948
104 28566.8 4.00054
105 28845.1 3.97207
106 29132.5 3.94407
107 29370 3.91653
108 29618.5 3.88943
109 29857.1 3.86276
110 30093.9 3.83652
111 30404.3 3.81069
112 30663.3 3.78526
113 30906.5 3.76023
114 31155.4 3.73558
115 31427 3.7113
116 31663.2 3.68738
117 31941.5 3.66383
118 32229.9 3.64062
119 32505.4 3.61775
120 32779.5 3.59521
121 33018.2 3.573
122 33338.7 3.55111
123 33611.2 3.52952
124 33880.9 3.50824
125 34162.1 3.48726
126 34457.6 3.46657
127 34687.7 3.44616
128 34983.1 3.42603
129 35218.7 3.40617
130 35532.3 3.38658
131 35815.4 3.36725
132 36084 3.34818
133 36328.7 3.32935
134 36572.1 3.31078
135 36889.8 3.29244
136 37156.9 3.27433
137 37440.8 3.25646
138 37723.2 3.23881
139 37982.2 3.22139
140 38227.3 3.20418
141 38530.3 3.18718
142 38767.8 3.1704
143 39014.9 3.15382
144 39281.9 3.13744
145 39602.7 3.12125
146 39946.6 3.10526
147 40187.1 3.08946
148 40448.7 3.07385
149 40726.1 3.05842
150 40993.3 3.04317
151 41252.3 3.02809
152 41508.7 3.01319
153 41759.5 2.99846
154 42053.5 2.9839
155 42321.3 2.9695
156 42565.4 2.95526
157 42830.2 2.94118
158 43100.8 2.92725
159 43350.7 2.91348
160 43602.9 2.89986
161 43861.1 2.88638
162 44138.3 2.87306
163 44415.5 2.85987
164 44705.1 2.84682
165 45004.7 2.83392
166 45281.5 2.82115
167 45574.5 2.80851
168 45849.9 2.796
169 46096.3 2.78363
170 46328.4 2.77138
171 46585.5 2.75925
172 46861.7 2.74725
173 47138.5 2.73537
174 47433.7 2.72361
175 47702.5 2.71197
176 47958.8 2.70044
177 48228.1 2.68903
178 48473.9 2.67773
179 48776.7 2.66654
180 49096.3 2.65546
181 49382.5 2.64448
182 49636.7 2.63361
183 49872.4 2.62285
184 50148.6 2.61219
185 50427.5 2.60163
186 50703 2.59116
187 50959.5 2.5808
188 51243.3 2.57053
189 51534.1 2.56036
190 51791 2.55028
191 52067.7 2.5403
192 52352.6 2.5304
193 52610.2 2.5206
194 52887.6 2.51088
195 53131.2 2.50125
196 53401.8 2.49171
197 53721.8 2.48225
198 53983.5 2.47288
199 54229.6 2.46359
200 54484.6 2.45438
201 54757.9 2.44525
202 55004 2.4362
203 55276 2.42723
204 55551.7 2.41833
205 55822.1 2.40952
206 56088.7 2.40077
207 56375.4 2.39211
208 56682.2 2.38351
209 56988.5 2.37499
210 57247.3 2.36654
211 57488 2.35816
212 57760.5 2.34985
213 58017 2.34161
214 58287.5 2.33343
215 58553 2.32533
216 58800 2.31729
217 59050.5 2.30931
218 59313 2.3014
219 59583.8 2.29355
220 59857.1 2.28577
221 60156.4 2.27805
222 60395.5 2.27039
223 60676 2.26279
224 60952.1 2.25525
225 61206.2 2.24777
226 61452.6 2.24035
227 61791.3 2.23298
228 62096.3 2.22568
229 62397.6 2.21843
230 62650 2.21124
231 62902 2.2041
232 63180.6 2.19701
233 63487.1 2.18998
234 63738.5 2.18301
235 63999.9 2.17608
236 64277.3 2.16921
237 64547.5 2.16239
238 64826.5 2.15562
239 65071.8 2.1489
240 65329.2 2.14224
241 65668.2 2.13562
242 65930.8 2.12905
243 66188.2 2.12252
244 66413.1 2.11605
245 66722.4 2.10962
246 66984.1 2.10324
247 67243.2 2.09691
248 67481.4 2.09062
249 67725.2 2.08437
250 68013.2 2.07818
251 68284.9 2.07202
252 68600.7 2.06591
253 68866.1 2.05984
254 69108.7 2.05382
255 69380.5 2.04784
256 69655.3 2.0419
257 69935.2 2.036
258 70171.1 2.03014
259 70419 2.02432
260 70682.9 2.01855
261 70959.3 2.01281
262 71223.7 2.00711
263 71471.4 2.00145
264 71760.8 1.99584
265 72013.5 1.99025
266 72312.1 1.98471
267 72586.7 1.97921
268 72891.8 1.97374
269 73172.6 1.9683
270 73435.6 1.96291
271 73712.7 1.95755
272 73949.4 1.95223
273 74225 1.94694
274 74492.6 1.94169
275 74776.1 1.93647
276 75020.9 1.93128
277 75312.1 1.92613
278 75637.9 1.92102
279 75910 1.91593
280 76186.1 1.91088
281 76448.1 1.90587
282 76773.2 1.90088
283 77066.9 1.89593
284 77299.4 1.89101
285 77523.2 1.88612
286 77798.6 1.88126
287 78105 1.87644
288 78348.7 1.87164
289 78613.6 1.86687
290 78933.3 1.86214
291 79226.1 1.85743
292 79547.5 1.85276
293 79802.1 1.84811
294 80091.6 1.84349
295 80343.7 1.8389
296 80568.7 1.83434
297 80838.1 1.82981
298 81088.2 1.8253
299 81316.5 1.82083
300 81539.7 1.81638
301 81802.4 1.81196
302 82051.1 1.80756
303 82347 1.80319
304 82577.2 1.79885
305 82844.7 1.79454
306 83085.3 1.79025
307 83355 1.78598
308 83596.6 1.78175
309 83894.3 1.77753
310 84158.6 1.77335
311 84406.1 1.76919
312 84707.1 1.76505
313 85006.3 1.76094
314 85250 1.75685
315 85535.1 1.75278
316 85822.9 1.74874
317 86086.5 1.74472
318 86346.4 1.74073
319 86639.9 1.73676
320 86882.3 1.73281
321 87137.1 1.72889
322 87370.6 1.72499
323 87711.1 1.72111
324 87978 1.71725
325 88236.8 1.71342
326 88531.8 1.70961
327 88783.7 1.70582
328 89028.5 1.70205
329 89300 1.6983
330 89561.6 1.69457
331 89853.5 1.69087
332 90102.7 1.68718
333 90370 1.68352
334 90602 1.67988
335 90874.2 1.67625
336 91097.3 1.67265
337 91379.5 1.66907
338 91641 1.6655
339 91892.6 1.66196
340 92113.2 1.65844
341 92438 1.65493
342 93009.5 1.65145
343 93555.9 1.64798
344 94126.9 1.64453
345 94656.8 1.64111
346 95289.7 1.6377
347 95859.3 1.63431
348 96369.8 1.63093
349 96948.8 1.62758
350 97612.6 1.62424
351 98202.8 1.62092
352 98740.8 1.61762
353 99283.9 1.61434
354 99883.6 1.61107
355 100455 1.60782
356 101067 1.60459
357 101609 1.60138
358 102228 1.59818
359 102812 1.595
360 103398 1.59183
361 103907 1.58869
362 104526 1.58555
363 105099 1.58244
364 105670 1.57934
365 106269 1.57626
366 106828 1.57319
367 107430 1.57014
368 108012 1.5671
369 108552 1.56408
370 109079 1.56108
371 109596 1.55809
372 110146 1.55511
373 110744 1.55215
374 111372 1.54921
375 111961 1.54628
376 112495 1.54336
377 113043 1.54046
378 113669 1.53757
379 114256 1.5347
380 114803 1.53184
381 115424 1.529
382 116095 1.52617
383 116699 1.52335
384 117254 1.52055
385 117829 1.51776
386 118397 1.51499
387 118900 1.51222
388 119415 1.50948
389 120002 1.50674
390 120542 1.50402
391 121148 1.50131
392 121717 1.49861
393 122240 1.49593
394 122864 1.49326
395 123431 1.4906
396 123977 1.48796
397 124515 1.48533
398 125018 1.48271
399 125588 1.4801
400 126156 1.4775
401 126683 1.47492
402 127275 1.47235
403 127800 1.46979
404 128310 1.46724
405 128914 1.4647
406 129470 1.46218
407 130077 1.45966
408 130559 1.45716
409 131139 1.45467
410 131682 1.45219
411 132262 1.44973
412 132870 1.44727
413 133454 1.44482
414 133977 1.44239
415 134508 1.43996
416 135143 1.43755
417 135650 1.43515
418 136158 1.43276
419 136697 1.43038
420 137210 1.428
421 137708 1.42564
422 138291 1.42329
423 138860 1.42095
424 139364 1.41862
425 139882 1.4163
426 140399 1.41399
427 140989 1.4117
428 141558 1.40941
429 142074 1.40713
430 142568 1.40485
431 143142 1.40259
432 143645 1.40034
433 144209 1.3981
434 144754 1.39587
435 145422 1.39365
436 145941 1.39143
437 146477 1.38923
438 146992 1.38703
439 147497 1.38485
440 148081 1.38267
441 148610 1.3805
442 149164 1.37834
443 149682 1.37619
444 150283 1.37405
445 150816 1.37192
446 151307 1.36979
447 151809 1.36768
448 152387 1.36557
449 152891 1.36347
450 153408 1.36138
451 153937 1.3593
452 154418 1.35722
453 155005 1.35516
454 155607 1.3531
455 156142 1.35105
456 156697 1.34901
457 157241 1.34697
458 157775 1.34495
459 158345 1.34293
460 158971 1.34092
461 159549 1.33892
462 160192 1.33692
463 160731 1.33494
464 161314 1.33296
465 161804 1.33098
466 162432 1.32902
467 162926 1.32706
468 163451 1.32511
469 164009 1.32317
470 164537 1.32123
471 165050 1.31931
472 165588 1.31738
473 166130 1.31547
474 166655 1.31356
475 167216 1.31166
476 167746 1.30977
477 168280 1.30788
478 168801 1.306
479 169338 1.30413
480 169857 1.30227
481 170401 1.30041
482 171003 1.29855
483 171580 1.29671
484 172145 1.29487
485 172715 1.29304
486 173312 1.29121
487 173809 1.28939
488 174333 1.28758
489 174912 1.28577
490 175407 1.28397
491 175969 1.28217
492 176510 1.28039
493 177061 1.2786
494 177668 1.27683
495 178215 1.27506
496 178702 1.27329
497 179249 1.27153
498 179780 1.26978
499 180304 1.26803
500 180814 1.26629
501 181334 1.26456
502 181842 1.26283
503 182356 1.26111
504 182894 1.25939
505 183397 1.25768
506 183991 1.25597
507 184539 1.25427
508 185094 1.25257
509 185625 1.25088
510 186188 1.2492
511 186719 1.24752
512 187257 1.24585
513 187780 1.24418
514 188267 1.24252
515 188865 1.24086
516 189428 1.23921
517 189948 1.23756
518 190519 1.23592
519 191050 1.23428
520 191555 1.23265
521 192088 1.23102
522 192645 1.2294
523 193206 1.22778
524 193713 1.22617
525 194222 1.22456
526 194727 1.22296
527 195231 1.22137
528 195805 1.21977
529 196362 1.21819
530 196952 1.2166
531 197481 1.21502
532 198021 1.21345
533 198545 1.21188
534 199035 1.21032
535 199535 1.20876
536 200115 1.2072
537 200626 1.20565
538 201179 1.20411
539 201693 1.20257
540 202212 1.20103
541 202788 1.1995
542 203304 1.19797
543 203830 1.19645
544 204343 1.19493
545 204870 1.19341
546 205373 1.1919
547 206038 1.19039
548 206735 1.18889
549 207264 1.18739
550 207798 1.1859
551 208310 1.18441
552 208884 1.18292
553 209416 1.18144
554 210140 1.17996
555 210778 1.17849
556 211331 1.17702
557 211831 1.17556
558 212386 1.17409
559 212998 1.17264
560 213543 1.17118
561 214086 1.16973
562 214597 1.16829
563 215215 1.16684
564 215741 1.16541
565 216387 1.16397
566 216931 1.16254
567 217447 1.16111
568 217993 1.15969
569 218474 1.15827
570 218999 1.15685
571 219494 1.15544
572 220044 1.15403
573 220598 1.15263
574 221145 1.15123
575 221733 1.14983
576 222317 1.14843
577 222885 1.14704
578 223569 1.14565
579 224102 1.14427
580 224625 1.14289
581 225156 1.14151
582 225675 1.14014
583 226229 1.13877
584 226777 1.1374
585 227312 1.13604
586 227891 1.13468
587 228435 1.13332
588 228922 1.13196
589 229411 1.13061
590 229937 1.12927
591 230488 1.12792
592 231008 1.12658
593 231582 1.12524
594 232070 1.12391
595 232571 1.12258
596 233090 1.12125
597 233703 1.11992
598 234302 1.1186
599 234836 1.11728
600 235330 1.11597
601 235866 1.11465
602 236378 1.11334
603 236926 1.11203
604 237447 1.11073
605 238051 1.10943
606 238593 1.10813
607 239119 1.10684
608 239628 1.10554
609 240219 1.10425
610 240899 1.10297
611 241480 1.10168
612 242055 1.1004
613 242582 1.09912
614 243103 1.09785
615 243710 1.09658
616 244242 1.09531
617 244728 1.09404
618 245214 1.09277
619 245695 1.09151
620 246273 1.09025
621 246768 1.089
622 247295 1.08774
623 247871 1.08649
624 248447 1.08524
625 248940 1.084
626 249465 1.08276
627 250008 1.08152
628 250570 1.08028
629 251055 1.07904
630 251641 1.07781
631 252196 1.07658
632 252712 1.07535
633 253270 1.07413
634 253836 1.07291
635 254327 1.07169
636 254948 1.07047
637 255445 1.06925
638 256190 1.06804
639 256803 1.06683
640 257400 1.06562
641 257975 1.06442
642 258504 1.06321
643 259069 1.06201
644 259738 1.06081
645 260497 1.05962
646 261142 1.05843
647 261737 1.05723
648 262409 1.05605
649 262925 1.05486
650 263473 1.05367
651 264051 1.05249
652 264660 1.05131
653 265155 1.05014
654 265714 1.04896
655 266262 1.04779
656 266805 1.04662
657 267337 1.04545
658 267895 1.04428
659 268436 1.04312
660 268961 1.04196
661 269506 1.0408
662 270035 1.03964
663 270698 1.03848
664 271305 1.03733
665 271867 1.03618
666 272358 1.03503
667 272943 1.03388
668 273522 1.03274
669 274119 1.0316
670 274690 1.03045
671 275273 1.02932
672 275842 1.02818
673 276451 1.02705
674 276946 1.02591
675 277666 1.02478
676 278213 1.02365
677 278795 1.02253
678 279464 1.0214
679 280038 1.02028
680 280574 1.01916
681 281096 1.01804
682 281617 1.01693
683 282165 1.01581
684 282661 1.0147
685 283196 1.01359
686 283752 1.01248
687 284239 1.01137
688 284892 1.01027
689 285430 1.00916
690 286011 1.00806
691 286632 1.00696
692 287279 1.00587
693 287880 1.00477
694 288395 1.00368
695 288945 1.00258
696 289475 1.00149
697 290089 1.00041
698 290663 0.999319
699 291213 0.998235
700 291799 0.997152
701 292362 0.996071
702 292961 0.994992
703 293542 0.993914
704 294122 0.992838
705 294724 0.991764
706 295341 0.990692
707 295954 0.989622
708 296514 0.988553
709 297083 0.987486
710 297710 0.986421
711 298328 0.985357
712 298846 0.984295
713 299471 0.983235
714 300115 0.982177
715 300656 0.98112
716 301233 0.980065
717 301799 0.979011
718 302324 0.97796
719 302985 0.976909
720 303713 0.975861
721 304385 0.974814
722 304916 0.973769
723 305577 0.972725
724 306201 0.971684
725 306788 0.970643
726 307394 0.969605
727 308004 0.968567
728 308516 0.967532
729 309202 0.966498
730 309707 0.965466
731 310293 0.964435
732 310808 0.963406
733 311439 0.962378
734 311993 0.961352
735 312622 0.960327
736 313199 0.959304
737 313715 0.958283
738 314270 0.957263
739 314835 0.956245
740 315408 0.955228
741 315968 0.954213
742 316547 0.953199
743 317070 0.952186
744 317710 0.951176
745 318267 0.950166
746 318783 0.949158
747 319332 0.948152
748 319913 0.947147
749 320418 0.946144
750 321064 0.945142
751 321663 0.944141
752 322199 0.943142
753 322801 0.942144
754 323285 0.941148
755 323887 0.940153
756 324468 0.93916
757 325027 0.938168
758 325603 0.937178
759 326122 0.936189
760 326658 0.935201
761 327278 0.934215
762 327826 0.93323
763 328414 0.932247
764 328926 0.931264
765 329426 0.930284
766 330027 0.929304
767 330507 0.928327
768 331045 0.92735
769 331589 0.926375
770 332145 0.925401
771 332686 0.924429
772 333184 0.923457
773 333744 0.922488
774 334298 0.921519
775 334828 0.920552
776 335350 0.919586
777 335967 0.918622
778 336450 0.917659
779 337123 0.916697
780 337615 0.915737
781 338195 0.914777
782 338753 0.913819
783 339353 0.912863
784 339844 0.911908
785 340419 0.910954
786 341051 0.910001
787 341541 0.90905
788 342028 0.908099
789 342530 0.907151
790 343045 0.906203
791 343628 0.905257
792 344152 0.904312
793 344636 0.903368
794 345169 0.902425
795 345691 0.901484
796 346238 0.900544
797 346746 0.899605
798 347278 0.898668
799 347817 0.897731
800 348399 0.896796
801 348944 0.895862
802 349680 0.89493
803 350212 0.893998
804 350776 0.893068
805 351311 0.892139
806 351818 0.891211
807 352328 0.890285
808 352901 0.889359
809 353365 0.888435
810 353824 0.887512
811 354428 0.88659
812 354890 0.88567
813 355402 0.88475
814 355871 0.883832
815 356511 0.882915
816 357041 0.881999
817 357612 0.881084
818 358140 0.880171
819 358669 0.879259
820 359178 0.878347
821 359641 0.877437
822 360192 0.876528
823 360706 0.875621
824 361168 0.874714
825 361670 0.873808
826 362209 0.872904
827 362676 0.872001
828 363233 0.871099
829 363906 0.870198
830 364509 0.869298
831 364998 0.868399
832 365475 0.867502
833 365976 0.866605
834 366588 0.86571
835 367176 0.864816
836 367677 0.863923
837 368159 0.863031
838 368486 0.86214
839 368980 0.86125
840 369525 0.860361
841 370122 0.859474
842 370659 0.858587
843 371247 0.857702
844 371711 0.856817
845 372261 0.855934
846 372796 0.855052
847 373309 0.854171
848 373796 0.853291
849 374300 0.852412
850 374850 0.851534
851 375397 0.850657
852 375894 0.849781
853 376417 0.848907
854 376905 0.848033
855 377360 0.84716
856 377860 0.846289
857 378470 0.845418
858 378972 0.844549
859 379567 0.843681
860 380029 0.842813
861 380531 0.841947
862 381061 0.841082
863 381541 0.840217
864 382058 0.839354
865 382552 0.838492
866 383111 0.837631
867 383695 0.836771
868 384081 0.835912
869 384610 0.835053
870 385139 0.834196
871 385698 0.83334
872 386294 0.832485
873 386817 0.831631
874 387344 0.830778
875 387878 0.829926
876 388434 0.829075
877 388906 0.828225
878 389433 0.827376
879 389927 0.826528
880 390440 0.825681
881 390983 0.824835
882 391463 0.82399
883 391971 0.823146
884 392439 0.822303
885 392973 0.821461
886 393476 0.82062
887 393949 0.81978
888 394501 0.818941
889 394993 0.818102
890 395505 0.817265
891 396039 0.816429
892 396547 0.815594
893 397026 0.814759
894 397599 0.813926
895 398113 0.813094
896 398620 0.812262
897 399171 0.811432
898 399779 0.810602
899 400373 0.809774
900 400941 0.808946
901 401461 0.808119
902 402178 0.807294
903 402771 0.806469
904 403232 0.805645
905 403664 0.804822
906 404136 0.804
907 404734 0.803179
908 405292 0.802359
909 405872 0.80154
910 406468 0.800722
911 406967 0.799905
912 407473 0.799088
913 407951 0.798273
914 408508 0.797458
915 409014 0.796645
916 409471 0.795832
917 410072 0.79502
918 410600 0.79421
919 411140 0.7934
920 411633 0.792591
921 412226 0.791783
922 412622 0.790976
923 413147 0.790169
924 413838 0.789364
925 414453 0.788559
926 415020 0.787756
927 415539 0.786953
928 416106 0.786152
929 416640 0.785351
930 417191 0.784551
931 417727 0.783752
932 418268 0.782953
933 418758 0.782156
934 419250 0.78136
935 419766 0.780564
936 420308 0.77977
937 420845 0.778976
938 421327 0.778183
939 422062 0.777391
940 422585 0.7766
941 423103 0.77581
942 423662 0.77502
943 424138 0.774232
944 424728 0.773444
945 425416 0.772658
946 425888 0.771872
947 426428 0.771087
948 427055 0.770303
949 427570 0.769519
950 428018 0.768737
951 428491 0.767956
952 429035 0.767175
953 429614 0.766395
954 430144 0.765616
955 430563 0.764838
956 431025 0.764061
957 431521 0.763284
958 431972 0.762509
959 432417 0.761734
960 432891 0.76096
961 433398 0.760187
962 433876 0.759415
963 434352 0.758644
964 434684 0.757873
965 435085 0.757104
966 435607 0.756335
967 436154 0.755567
968 436625 0.7548
969 437090 0.754033
970 437610 0.753268
971 438086 0.752503
972 438603 0.75174
973 439225 0.750977
974 439519 0.750215
975 440009 0.749453
976 440370 0.748693
977 440834 0.747933
978 441178 0.747174
979 441652 0.746416
980 442135 0.745659
981 442576 0.744903
982 442990 0.744147
983 443442 0.743392
984 443894 0.742638
985 444364 0.741885
986 444829 0.741133
987 445298 0.740381
988 445788 0.739631
989 446251 0.738881
990 446646 0.738132
991 447145 0.737384
992 447656 0.736636
993 448150 0.735889
994 448692 0.735144
995 449025 0.734399
996 449358 0.733654
997 449820 0.732911
998 450352 0.732168
999 450831 0.731426
