0 312.566 801.963
1 638.248 293.838
2 973.922 264.488
3 1305.96 238.454
4 1605.07 215.255
5 1864.48 194.545
6 2137.56 176.039
7 2365.89 159.494
8 2638.79 144.699
9 2916.14 131.468
10 3170.24 119.634
11 3436.36 109.05
12 3707.64 99.5833
13 3992.51 91.116
14 4256.3 83.5425
15 4504.36 76.7679
16 4743.79 70.7074
17 5047.81 65.2844
18 5293.44 60.4307
19 5571.11 56.0846
20 5838.94 52.191
21 6143.9 48.7003
22 6418.48 45.568
23 6674.67 42.7543
24 6939.64 40.2235
25 7231.98 37.9437
26 7493.19 35.8866
27 7751.78 34.0267
28 8025.5 32.3416
29 8272.52 30.8112
30 8503.91 29.418
31 8763.45 28.1463
32 9013.44 26.9823
33 9301.75 25.9138
34 9582.79 24.9303
35 9823.87 24.0224
36 10114.9 23.1817
37 10388.2 22.4012
38 10646.2 21.6743
39 10894.6 20.9957
40 11135.4 20.3603
41 11401.8 19.7639
42 11696.3 19.2027
43 11986.4 18.6734
44 12241.5 18.1731
45 12521.4 17.699
46 12787 17.249
47 13071.1 16.8209
48 13328.5 16.4129
49 13582.1 16.0235
50 13863.1 15.6511
51 14113.6 15.2944
52 14410.5 14.9523
53 14716.1 14.6237
54 14992.9 14.3077
55 15253.1 14.0034
56 15505.3 13.7099
57 15835.8 13.4267
58 16107.7 13.153
59 16435.1 12.8883
60 16672.7 12.632
61 16945.7 12.3836
62 17194.5 12.1426
63 17416.4 11.9087
64 17745.4 11.6815
65 18026 11.4605
66 18307.8 11.2455
67 18582.3 11.0363
68 18860.5 10.8324
69 19122.7 10.6336
70 19392.4 10.4398
71 19659.9 10.2506
72 19909.9 10.0659
73 20197.8 9.88542
74 20439.5 9.70907
75 20676.5 9.53665
76 20942.8 9.36799
77 21213.2 9.20297
78 21457.1 9.04142
79 21700.8 8.88323
80 21942.5 8.72828
81 22180.5 8.57645
82 22428.8 8.42764
83 22701.3 8.28174
84 22995.1 8.13867
85 23271.7 7.99832
86 23553.7 7.86062
87 23835.6 7.72549
88 24117.2 7.59285
89 24345.5 7.46263
90 24626.7 7.33476
91 24863.5 7.20918
92 25119.4 7.08582
93 25377.3 6.96463
94 25639.5 6.84555
95 25914.8 6.72852
96 26179.7 6.61351
97 26452.6 6.50045
98 26682.4 6.38915
99 26965.2 6.27945
100 27200.8 6.17139
101 27429.6 6.06491
102 27688.1 5.95993
103 27982.3 5.85643
104 28262.1 5.75439
105 28587.3 5.65376
106 28868.3 5.55453
107 29103.7 5.45667
108 29395.8 5.36016
109 29634.9 5.26498
110 29957.1 5.17113
111 30238.5 5.07858
112 30498 4.98732
113 30803.9 4.89734
114 31111.7 4.80863
115 31390.7 4.72117
116 31690.5 4.63496
117 31962.6 4.54998
118 32235.4 4.46624
119 32522.6 4.38371
120 32792.8 4.30239
121 33065.3 4.22228
122 33310.3 4.14336
123 33610.2 4.06563
124 33923.1 3.98907
125 34188.4 3.91368
126 34465.3 3.83946
127 34719.2 3.76638
128 35023.9 3.69445
129 35335.9 3.62365
130 35624.5 3.55398
131 35928.1 3.48543
132 36266.6 3.41798
133 36504.3 3.35162
134 36745.8 3.28636
135 37027.9 3.22217
136 37323.1 3.15905
137 37589.8 3.09699
138 37886.2 3.03597
139 38206.1 2.97599
140 38483.2 2.91704
141 38773.6 2.8591
142 39112.9 2.80217
143 39354.5 2.74623
144 39595.2 2.69128
145 39867 2.6373
146 40133.9 2.58427
147 40416.2 2.5322
148 40708.6 2.48106
149 40976.9 2.43085
150 41242.6 2.38156
151 41517.9 2.33317
152 41786.7 2.28567
153 42062.6 2.23906
154 42323.6 2.19331
155 42607.2 2.14842
156 42858.6 2.10437
157 43104.4 2.06116
158 43363.6 2.01878
159 43644.1 1.9772
160 43918.6 1.93642
161 44199.3 1.89643
162 44449.8 1.85722
163 44767.8 1.81877
164 45024.1 1.78107
165 45350.7 1.74412
166 45591.3 1.70789
167 45826.7 1.67239
168 46115.3 1.63759
169 46360.5 1.60348
170 46643 1.57006
171 46917.7 1.53732
172 47205.9 1.50523
173 47514.2 1.4738
174 47754.9 1.44301
175 48041.2 1.41284
176 48305.4 1.38329
177 48642.4 1.35435
178 48885.6 1.32601
179 49143.5 1.29825
180 49466.1 1.27106
181 49775.1 1.24444
182 50036.7 1.21838
183 50300.6 1.19286
184 50563.1 1.16787
185 50817.2 1.1434
186 51073.7 1.11945
187 51377.9 1.096
188 51657.6 1.07304
189 51990.1 1.05057
190 52228.4 1.02857
191 52477.8 1.00704
192 52784.9 0.985963
193 53062.7 0.965333
194 53370.8 0.945141
195 53591.4 0.925377
196 53885.4 0.906033
197 54146 0.886134
198 54467 0.868106
199 54754.5 0.849851
200 55048.2 0.831993
201 55330.6 0.814511
202 55644.7 0.797395
203 55927.9 0.780638
204 56181.8 0.764232
205 56495.7 0.748169
206 56813.5 0.732443
207 57103.2 0.717045
208 57355.7 0.70197
209 57629.3 0.687211
210 57910.9 0.672761
211 58178.1 0.658614
212 58409.3 0.644763
213 58694 0.631202
214 58990.8 0.617926
215 59256.3 0.604929
216 59492.5 0.592204
217 59757.2 0.579746
218 60035.6 0.56755
219 60331.1 0.555609
220 60629.4 0.543919
221 60919.6 0.532475
222 61271.5 0.521271
223 61551.1 0.510302
224 61849.7 0.499564
225 62104.7 0.489051
226 62371 0.47876
227 62630.3 0.468684
228 62935.6 0.45882
229 63204.7 0.449164
230 63454.2 0.43971
231 63696.3 0.430456
232 63938.3 0.421395
233 64279.8 0.412526
234 64567 0.403843
235 64845.3 0.395342
236 65104.4 0.38702
237 65404.8 0.378873
238 65687.3 0.370898
239 65917.6 0.36309
240 66224 0.355447
241 66470 0.347964
242 66710.3 0.340639
243 66988.1 0.333467
244 67310.8 0.326447
245 67572.7 0.319575
246 67852.1 0.312847
247 68166.1 0.30626
248 68422.7 0.299812
249 68671.7 0.2935
250 68967.2 0.287321
251 69266.4 0.281272
252 69523.5 0.27535
253 69846.1 0.269553
254 70127.5 0.263877
255 70426.4 0.258321
256 70732.3 0.252882
257 70978.1 0.247558
258 71276 0.242346
259 71541.5 0.237243
260 71876 0.232248
261 72163.9 0.227358
262 72446.9 0.222571
263 72764.3 0.217884
264 72996.5 0.213296
265 73236.4 0.208805
266 73526.2 0.204409
267 73827.4 0.200105
268 74132.4 0.195891
269 74392 0.191767
270 74646.1 0.187729
271 74899.5 0.183776
272 75176.8 0.179906
273 75423.9 0.176118
274 75685.4 0.172409
275 75961 0.168779
276 76251.7 0.165225
277 76481.9 0.161746
278 76736.1 0.15834
279 77032.8 0.155006
280 77336.6 0.151742
281 77592.3 0.148547
282 77894 0.145419
283 78131.1 0.142357
284 78364.2 0.139359
285 78612.3 0.136425
286 78896.6 0.133552
287 79181.2 0.13074
288 79516.5 0.127987
289 79782.2 0.125292
290 80019 0.122654
291 80250.4 0.120071
292 80504.2 0.117543
293 80764.7 0.115067
294 81011.9 0.112644
295 81270.4 0.110272
296 81499.5 0.10795
297 81754.8 0.105677
298 82001.6 0.103452
299 82236.8 0.101274
300 82498.4 0.099141
301 82742.1 0.0970533
302 82991.3 0.0950096
303 83233.7 0.093009
304 83484.3 0.0910505
305 83723 0.0891332
306 83982.9 0.0872563
307 84243.9 0.0854189
308 84487.6 0.0836202
309 84733.3 0.0818593
310 84957.8 0.0801356
311 85225.8 0.0784481
312 85498.8 0.0767962
313 85752.2 0.0751791
314 85981.8 0.073596
315 86237.8 0.0720463
316 86516.8 0.0705291
317 86798.4 0.069044
318 87047.6 0.0675901
319 87300.5 0.0661668
320 87561.3 0.0647735
321 87850.4 0.0634095
322 88115.5 0.0620743
323 88363.2 0.0607671
324 88643.1 0.0594875
325 88909.8 0.0582349
326 89204.2 0.0570086
327 89459 0.0558081
328 89735.9 0.0546329
329 89989.7 0.0534825
330 90252 0.0523563
331 90513.9 0.0512538
332 90799.2 0.0501745
333 91095.3 0.049118
334 91351.8 0.0480837
335 91589.2 0.0470711
336 91819.9 0.0460799
337 92073.3 0.0451096
338 92314.4 0.0441597
339 92795.1 0.0432298
340 93299.5 0.0423195
341 93803.3 0.0414283
342 94317.6 0.040556
343 94822.4 0.039702
344 95338.7 0.0388659
345 95890.4 0.0380475
346 96451.1 0.0372463
347 96967.4 0.036462
348 97530.5 0.0356942
349 98051.9 0.0349426
350 98559.9 0.0342068
351 99082.8 0.0334864
352 99590.7 0.0327813
353 100084 0.032091
354 100569 0.0314152
355 101095 0.0307537
356 101591 0.0301061
357 102121 0.0294722
358 102607 0.0288515
359 103086 0.028244
360 103578 0.0276492
361 104055 0.027067
362 104544 0.026497
363 105029 0.0259391
364 105506 0.0253929
365 105985 0.0248582
366 106461 0.0243347
367 107028 0.0238223
368 107510 0.0233206
369 108001 0.0228296
370 108476 0.0223488
371 108955 0.0218782
372 109426 0.0214175
373 109942 0.0209665
374 110470 0.020525
375 110945 0.0200928
376 111417 0.0196697
377 111915 0.0192555
378 112425 0.01885
379 112908 0.0184531
380 113425 0.0180645
381 113958 0.0176841
382 114437 0.0173117
383 114922 0.0169472
384 115446 0.0165903
385 115947 0.016241
386 116432 0.015899
387 116910 0.0155642
388 117383 0.0152364
389 117866 0.0149156
390 118345 0.0146015
391 118848 0.014294
392 119324 0.013993
393 119805 0.0136984
394 120291 0.0134099
395 120845 0.0131275
396 121335 0.0128511
397 121830 0.0125805
398 122321 0.0123156
399 122872 0.0120562
400 123349 0.0118024
401 123824 0.0115538
402 124321 0.0113105
403 124813 0.0110724
404 125284 0.0108392
405 125785 0.0106109
406 126268 0.0103875
407 126751 0.0101688
408 127237 0.00995464
409 127710 0.00974502
410 128192 0.00953981
411 128672 0.00933893
412 129190 0.00914227
413 129670 0.00894976
414 130149 0.0087613
415 130639 0.0085768
416 131155 0.0083962
417 131680 0.00821939
418 132194 0.00804631
419 132669 0.00787688
420 133177 0.00771101
421 133681 0.00754863
422 134179 0.00738968
423 134658 0.00723407
424 135182 0.00708173
425 135664 0.00693261
426 136137 0.00678663
427 136626 0.00664372
428 137122 0.00650381
429 137609 0.00636686
430 138086 0.00623279
431 138572 0.00610154
432 139060 0.00597306
433 139538 0.00584728
434 140052 0.00572415
435 140555 0.00560361
436 141071 0.00548561
437 141554 0.0053701
438 142069 0.00525702
439 142541 0.00514632
440 143038 0.00503795
441 143526 0.00493186
442 144040 0.00482801
443 144515 0.00472634
444 145028 0.00462682
445 145543 0.00452939
446 146078 0.00443401
447 146577 0.00434064
448 147053 0.00424924
449 147535 0.00415976
450 148069 0.00407216
451 148581 0.00398641
452 149081 0.00390247
453 149596 0.00382029
454 150074 0.00373984
455 150550 0.00366109
456 151049 0.003584
457 151527 0.00350853
458 152097 0.00343465
459 152569 0.00336232
460 153070 0.00329152
461 153550 0.00322221
462 154038 0.00315436
463 154522 0.00308793
464 155057 0.00302291
465 155536 0.00295925
466 156034 0.00289694
467 156545 0.00283593
468 157051 0.00277622
469 157534 0.00271776
470 158042 0.00266053
471 158627 0.0026045
472 159151 0.00254966
473 159725 0.00249597
474 160224 0.00244341
475 160813 0.00239196
476 161285 0.00234159
477 161762 0.00229228
478 162297 0.00224401
479 162785 0.00219676
480 163269 0.0021505
481 163789 0.00210521
482 164357 0.00206088
483 164883 0.00201749
484 165407 0.001975
485 165899 0.00193341
486 166394 0.0018927
487 166901 0.00185284
488 167447 0.00181383
489 167954 0.00177563
490 168457 0.00173824
491 168947 0.00170164
492 169435 0.00166581
493 170008 0.00163073
494 170526 0.00159639
495 171069 0.00156277
496 171589 0.00152986
497 172106 0.00149765
498 172650 0.00146611
499 173175 0.00143524
500 173672 0.00140502
501 174153 0.00137543
502 174624 0.00134647
503 175101 0.00131811
504 175581 0.00129036
505 176070 0.00126319
506 176555 0.00123659
507 177043 0.00121055
508 177620 0.00118506
509 178108 0.0011601
510 178604 0.00113567
511 179146 0.00111176
512 179658 0.00108835
513 180187 0.00106543
514 180675 0.00104299
515 181167 0.00102103
516 181667 0.000999529
517 182161 0.000978482
518 182643 0.000957877
519 183178 0.000937707
520 183695 0.000917961
521 184184 0.000898631
522 184709 0.000879708
523 185232 0.000861183
524 185730 0.000843049
525 186213 0.000825296
526 186718 0.000807917
527 187244 0.000790904
528 187744 0.00077425
529 188238 0.000757946
530 188720 0.000741986
531 189209 0.000726361
532 189735 0.000711066
533 190267 0.000696092
534 190815 0.000681434
535 191308 0.000667085
536 191821 0.000653038
537 192347 0.000639286
538 192864 0.000625824
539 193356 0.000612646
540 193857 0.000599745
541 194344 0.000587116
542 194830 0.000574753
543 195347 0.00056265
544 195855 0.000550802
545 196342 0.000539203
546 196863 0.000527849
547 197342 0.000516734
548 197864 0.000505852
549 198396 0.0004952
