0 250.403 708.896
1 538.356 276.586
2 889.846 241.578
3 1191.45 211.548
4 1514.9 185.675
5 1840.72 163.343
6 2151.38 144.051
7 2379.96 127.377
8 2629.27 112.963
9 2917.35 100.503
10 3242.22 89.732
11 3522.17 80.4206
12 3796.91 72.3707
13 4086.71 65.4099
14 4336.66 59.3889
15 4661.6 54.1774
16 4938.91 49.6626
17 5202.01 45.7463
18 5455.51 42.3435
19 5752.52 39.3805
20 5995.32 36.7937
21 6239.13 34.5286
22 6486.6 32.5382
23 6737.18 30.7825
24 6983.45 29.2273
25 7208.96 27.8437
26 7434.22 26.6072
27 7684.49 25.4969
28 7955.03 24.4953
29 8220.81 23.5876
30 8481.72 22.7612
31 8727.72 22.0056
32 8983.7 21.3117
33 9228.72 20.6721
34 9496.72 20.08
35 9775.1 19.5301
36 10014.6 19.0176
37 10267.7 18.5383
38 10552.3 18.0887
39 10843.9 17.6658
40 11115.1 17.2668
41 11363.2 16.8895
42 11593 16.5317
43 11898.5 16.1918
44 12152 15.868
45 12433.9 15.5589
46 12686.8 15.2634
47 12946.6 14.9802
48 13178.3 14.7084
49 13442.8 14.4471
50 13750.1 14.1954
51 14010.3 13.9526
52 14268.4 13.7181
53 14510.4 13.4913
54 14790.9 13.2716
55 15073.2 13.0586
56 15307.3 12.8518
57 15592.6 12.6508
58 15841.3 12.4553
59 16123.8 12.2649
60 16379.1 12.0793
61 16616.4 11.8983
62 16872.4 11.7215
63 17160.6 11.5489
64 17428.4 11.3801
65 17704.7 11.215
66 17961.4 11.0533
67 18197 10.895
68 18436 10.7399
69 18700.3 10.5878
70 18975 10.4386
71 19200.6 10.2922
72 19467.4 10.1484
73 19776.1 10.0073
74 20035.4 9.86861
75 20289.2 9.73233
76 20539.4 9.59837
77 20795.7 9.46665
78 21084.5 9.33709
79 21319.5 9.20963
80 21604.4 9.08421
81 21854.9 8.96076
82 22163.6 8.83923
83 22404 8.71958
84 22696.3 8.60174
85 22994.4 8.48568
86 23244.2 8.37135
87 23485.8 8.25871
88 23730.1 8.14771
89 23990.3 8.03833
90 24286.5 7.93052
91 24579.6 7.82425
92 24873.4 7.71949
93 25115 7.61621
94 25337.9 7.51438
95 25625 7.41396
96 25882.3 7.31493
97 26204 7.21727
98 26441.3 7.12094
99 26730.2 7.02591
100 26993.7 6.93215
101 27274.5 6.83963
102 27510.5 6.74833
103 27836.6 6.65822
104 28113.6 6.56928
105 28364.4 6.48148
106 28641.8 6.3948
107 28905.2 6.30922
108 29152.7 6.22472
109 29378.8 6.14128
110 29665 6.05888
111 29933.2 5.9775
112 30209.1 5.89713
113 30470.9 5.81776
114 30714.6 5.73935
115 30991.2 5.66191
116 31291.8 5.58541
117 31552.4 5.50985
118 31805 5.43521
119 32120.1 5.36147
120 32373.1 5.28862
121 32650.4 5.21666
122 32928.4 5.14558
123 33217.8 5.07535
124 33448.4 5.00597
125 33732.9 4.93744
126 33978.8 4.86974
127 34233.9 4.80285
128 34502 4.73678
129 34801.2 4.67152
130 35069.4 4.60704
131 35336.5 4.54336
132 35618.6 4.48045
133 35924.5 4.41831
134 36231.1 4.35694
135 36506.6 4.29632
136 36836.2 4.23644
137 37122.1 4.17731
138 37365 4.1189
139 37649.3 4.06122
140 37919.1 4.00426
141 38150.3 3.94801
142 38410.5 3.89246
143 38683.9 3.8376
144 38979.1 3.78344
145 39295.2 3.72996
146 39514.4 3.67715
147 39785.9 3.62502
148 40024.5 3.57355
149 40302.3 3.52273
150 40554.9 3.47256
151 40781.3 3.42304
152 41037.3 3.37416
153 41327.4 3.3259
154 41551.2 3.27827
155 41844.6 3.23126
156 42115.4 3.18486
157 42396.2 3.13906
158 42656.3 3.09387
159 42912.1 3.04927
160 43189.3 3.00525
161 43461.9 2.96182
162 43745.2 2.91896
163 44007.6 2.87668
164 44255.4 2.83495
165 44551.1 2.79379
166 44913.5 2.75317
167 45206.6 2.7131
168 45439.3 2.67358
169 45697.6 2.63458
170 45962.2 2.59612
171 46264.6 2.55817
172 46581.5 2.52074
173 46837.8 2.48383
174 47077.2 2.44742
175 47324.4 2.41151
176 47571.2 2.37609
177 47828.3 2.34116
178 48063.9 2.30672
179 48354 2.27275
180 48628 2.23926
181 48871.9 2.20623
182 49139.5 2.17366
183 49391.5 2.14155
184 49639.6 2.10989
185 49907.2 2.07867
186 50148.5 2.0479
187 50391.7 2.01755
188 50703.9 1.98764
189 50980.9 1.95815
190 51214.5 1.92908
191 51477.6 1.90042
192 51716 1.87218
193 51993.6 1.84433
194 52300.1 1.81689
195 52573.6 1.78983
196 52850.5 1.76317
197 53123.6 1.73687
198 53358.9 1.71097
199 53612.1 1.68544
200 53913.9 1.66028
201 54190.6 1.63548
202 54456.3 1.61103
203 54752.4 1.58695
204 55021 1.56321
205 55273.8 1.53981
206 55558.3 1.51676
207 55839.3 1.49404
208 56086 1.47165
209 56320.6 1.44959
210 56582.1 1.42785
211 56866 1.40643
212 57127.1 1.38533
213 57439.8 1.36453
214 57704.1 1.34403
215 57987.2 1.32384
216 58265.1 1.30395
217 58539.4 1.28435
218 58807.1 1.26503
219 59054.6 1.246
220 59324.3 1.22725
221 59567.5 1.20878
222 59840 1.19058
223 60142.5 1.17265
224 60394.8 1.15499
225 60724.9 1.13758
226 60998.7 1.12044
227 61285 1.10355
228 61600.7 1.08691
229 61874.7 1.07051
230 62140.7 1.05436
231 62387.9 1.03845
232 62661.1 1.02278
233 62986.4 1.00734
234 63271.2 0.99213
235 63595.8 0.977147
236 63879 0.962387
237 64134.1 0.947847
238 64437.6 0.933525
239 64698.9 0.919416
240 64991.8 0.905518
241 65316 0.891828
242 65589.3 0.878342
243 65867.3 0.865059
244 66103.6 0.851974
245 66392.8 0.839085
246 66696.3 0.826389
247 67005.3 0.813883
248 67248.6 0.801565
249 67484.5 0.789432
250 67753.6 0.777481
251 68041.3 0.765709
252 68282.2 0.754114
253 68533 0.742693
254 68815.4 0.731444
255 69087.1 0.720364
256 69359.7 0.709451
257 69644.8 0.698701
258 69968.8 0.688114
259 70240.1 0.677685
260 70527.8 0.667414
261 70776.7 0.657297
262 71012.7 0.647333
263 71283 0.637519
264 71521.2 0.627853
265 71797.3 0.618332
266 72072.5 0.608956
267 72335.6 0.59972
268 72605 0.590624
269 72919.2 0.581665
270 73154.2 0.572841
271 73402.1 0.564151
272 73721.2 0.555592
273 74016.5 0.547162
274 74239.2 0.538859
275 74512.5 0.530682
276 74806.1 0.522628
277 75025.3 0.514696
278 75302.7 0.506884
279 75538 0.49919
280 75833.2 0.491612
281 76135.6 0.484149
282 76450.7 0.476799
283 76698.6 0.46956
284 77023.8 0.462431
285 77312.8 0.455409
286 77561 0.448494
287 77829 0.441683
288 78149 0.434976
289 78446.8 0.42837
290 78732.7 0.421864
291 78954 0.415457
292 79242.8 0.409146
293 79477.4 0.402932
294 79745.6 0.396811
295 79982 0.390783
296 80239.1 0.384847
297 80516.5 0.379
298 80777.5 0.373242
299 81047.8 0.367572
300 81309 0.361987
301 81575.2 0.356487
302 81833.4 0.35107
303 82092.9 0.345736
304 82341.6 0.340482
305 82592.1 0.335308
306 82865.4 0.330213
307 83141.6 0.325195
308 83461.7 0.320253
309 83693.4 0.315386
310 83972.5 0.310592
311 84229.1 0.305872
312 84494.7 0.301223
313 84739.2 0.296645
314 84990.8 0.292136
315 85267.2 0.287696
316 85509.5 0.283323
317 85760.5 0.279016
318 86004 0.274775
319 86253.3 0.270598
320 86492.8 0.266484
321 86740.5 0.262433
322 87037.1 0.258444
323 87294.2 0.254515
324 87529.8 0.250646
325 87866.9 0.246835
326 88120 0.243083
327 88438.1 0.239387
328 88699 0.235748
329 88942.9 0.232163
330 89213.2 0.228634
331 89485.7 0.225157
332 89777.6 0.221734
333 90039.1 0.218363
334 90286.1 0.215043
335 90524.6 0.211773
336 90759.6 0.208553
337 91008.7 0.205382
338 91264.3 0.202259
339 91538.5 0.199183
340 91809.4 0.196155
341 92083.2 0.193172
342 92355.5 0.190234
343 92978 0.187342
344 93585.5 0.184493
345 94181.2 0.181687
346 94753.3 0.178924
347 95448.2 0.176204
348 96081.1 0.173524
349 96678.9 0.170885
350 97304.7 0.168286
351 97884.2 0.165727
352 98545.8 0.163207
353 99117.2 0.160725
354 99667 0.158281
355 100220 0.155874
356 100904 0.153503
357 101520 0.151169
358 102260 0.148869
359 102865 0.146605
360 103441 0.144376
361 104068 0.14218
362 104692 0.140018
363 105256 0.137888
364 105768 0.135791
365 106346 0.133726
366 107039 0.131692
367 107669 0.129689
368 108229 0.127717
369 108745 0.125774
370 109306 0.123861
371 109861 0.121977
372 110375 0.120122
373 110967 0.118295
374 111559 0.116496
375 112125 0.114724
376 112625 0.112979
377 113255 0.111261
378 113855 0.109568
379 114448 0.107902
380 115003 0.106261
381 115556 0.104645
382 116187 0.103053
383 116702 0.101485
384 117258 0.0999418
385 117827 0.0984216
386 118492 0.0969246
387 119116 0.0954504
388 119660 0.0939985
389 120224 0.0925688
390 120875 0.0911607
391 121405 0.0897741
392 121960 0.0884086
393 122613 0.0870639
394 123189 0.0857396
395 123739 0.0844354
396 124326 0.0831511
397 124890 0.0818863
398 125492 0.0806408
399 126066 0.0794141
400 126575 0.0782062
401 127120 0.0770166
402 127639 0.0758451
403 128171 0.0746914
404 128853 0.0735553
405 129372 0.0724364
406 129967 0.0713346
407 130547 0.0702495
408 131171 0.069181
409 131772 0.0681286
410 132322 0.0670923
411 132972 0.0660718
412 133495 0.0650667
413 134022 0.064077
414 134535 0.0631023
415 135128 0.0621424
416 135610 0.0611972
417 136176 0.0602663
418 136659 0.0593495
419 137288 0.0584468
420 137878 0.0575577
421 138411 0.0566822
422 138997 0.05582
423 139576 0.0549709
424 140116 0.0541347
425 140617 0.0533112
426 141230 0.0525003
427 141872 0.0517017
428 142495 0.0509152
429 143085 0.0501407
430 143601 0.049378
431 144242 0.0486269
432 144829 0.0478872
433 145430 0.0471587
434 145989 0.0464414
435 146558 0.0457349
436 147091 0.0450392
437 147619 0.0443541
438 148260 0.0436794
439 148939 0.043015
440 149552 0.0423606
441 150080 0.0417163
442 150636 0.0410817
443 151203 0.0404568
444 151799 0.0398413
445 152408 0.0392353
446 152990 0.0386385
447 153558 0.0380507
448 154160 0.0374719
449 154682 0.0369019
450 155282 0.0363405
451 155833 0.0357877
452 156475 0.0352433
453 157012 0.0347072
454 157587 0.0341793
455 158198 0.0336593
456 158802 0.0331473
457 159340 0.0326431
458 159878 0.0321465
459 160448 0.0316575
460 160975 0.0311759
461 161534 0.0307017
462 162157 0.0302347
463 162759 0.0297747
464 163311 0.0293218
465 163887 0.0288758
466 164471 0.0284365
467 164959 0.0280039
468 165481 0.027578
469 166027 0.0271584
470 166622 0.0267453
471 167147 0.0263385
472 167764 0.0259378
473 168329 0.0255432
474 168878 0.0251547
475 169471 0.024772
476 170101 0.0243952
477 170641 0.0240241
478 171189 0.0236586
479 171785 0.0232988
480 172379 0.0229443
481 172960 0.0225953
482 173616 0.0222516
483 174110 0.0219131
484 174672 0.0215798
485 175244 0.0212515
486 175875 0.0209282
487 176481 0.0206099
488 176992 0.0202963
489 177614 0.0199876
490 178251 0.0196835
491 178800 0.0193841
492 179388 0.0190892
493 180059 0.0187989
494 180577 0.0185129
495 181103 0.0182313
496 181774 0.0179539
497 182290 0.0176808
498 182872 0.0174119
499 183407 0.017147
500 184027 0.0168862
501 184594 0.0166293
502 185164 0.0163763
503 185735 0.0161272
504 186244 0.0158819
505 186800 0.0156403
506 187385 0.0154024
507 187957 0.0151681
508 188479 0.0149373
509 188983 0.0147101
510 189561 0.0144863
511 190071 0.014266
512 190658 0.0140489
513 191255 0.0138352
514 191817 0.0136248
515 192368 0.0134175
516 192895 0.0132134
517 193478 0.0130124
518 194039 0.0128145
519 194546 0.0126195
520 195141 0.0124276
521 195751 0.0122385
522 196337 0.0120523
523 196875 0.011869
524 197412 0.0116884
525 197943 0.0115106
526 198460 0.0113355
527 198953 0.0111631
528 199536 0.0109933
529 200187 0.0108261
530 200751 0.0106614
531 201324 0.0104992
532 201899 0.0103395
533 202484 0.0101822
534 203008 0.0100273
535 203595 0.00987476
536 204167 0.00972455
537 204725 0.00957662
538 205491 0.00943094
539 206094 0.00928747
540 206945 0.00914619
541 207459 0.00900706
542 207995 0.00887004
543 208597 0.00873511
544 209147 0.00860223
545 209782 0.00847138
546 210376 0.00834251
547 210893 0.0082156
548 211454 0.00809063
549 212075 0.00796755
550 212684 0.00784635
551 213230 0.00772699
552 213852 0.00760945
553 214466 0.00749369
554 215156 0.0073797
555 215727 0.00726744
556 216273 0.00715688
557 216808 0.00704801
558 217366 0.0069408
559 218046 0.00683521
560 218563 0.00673124
561 219182 0.00662884
562 219720 0.006528
563 220256 0.0064287
564 220806 0.00633091
565 221371 0.0062346
566 221994 0.00613976
567 222600 0.00604636
568 223293 0.00595438
569 223839 0.0058638
570 224404 0.0057746
571 224982 0.00568676
572 225537 0.00560025
573 226095 0.00551506
574 226657 0.00543117
575 227193 0.00534855
576 227814 0.00526718
577 228419 0.00518706
578 228926 0.00510815
579 229460 0.00503045
580 229968 0.00495392
581 230534 0.00487857
582 231100 0.00480435
583 231665 0.00473127
584 232249 0.0046593
585 232819 0.00458842
586 233422 0.00451862
587 233960 0.00444988
588 234555 0.00438219
589 235093 0.00431553
590 235606 0.00424988
591 236084 0.00418523
592 236614 0.00412156
593 237149 0.00405887
594 237653 0.00399712
595 238300 0.00393632
596 238893 0.00387644
597 239428 0.00381747
598 239959 0.0037594
599 240643 0.00370221
600 241323 0.00364589
601 241965 0.00359043
602 242541 0.00353581
603 243109 0.00348203
604 243827 0.00342906
605 244334 0.00337689
606 244896 0.00332552
607 245418 0.00327494
608 245965 0.00322512
609 246496 0.00317606
610 247069 0.00312774
611 247709 0.00308016
612 248293 0.00303331
613 248846 0.00298716
614 249466 0.00294172
615 250000 0.00289697
616 250553 0.00285291
617 251152 0.00280951
618 251735 0.00276677
619 252339 0.00272468
620 252924 0.00268323
621 253484 0.00264241
622 254116 0.00260222
623 254654 0.00256263
624 255231 0.00252365
625 255984 0.00248526
626 256568 0.00244745
627 257312 0.00241022
628 257886 0.00237356
629 258530 0.00233745
630 259112 0.00230189
631 259857 0.00226688
632 260713 0.00223239
633 261467 0.00219843
634 262201 0.00216499
635 262861 0.00213206
636 263585 0.00209963
637 264153 0.00206769
638 264853 0.00203623
639 265415 0.00200526
640 265994 0.00197475
641 266638 0.00194471
642 267232 0.00191513
643 267807 0.001886
644 268380 0.00185731
645 269035 0.00182905
646 269663 0.00180123
647 270154 0.00177383
648 270751 0.00174685
649 271336 0.00172027
650 271947 0.0016941
651 272583 0.00166833
652 273175 0.00164295
653 273809 0.00161796
654 274555 0.00159335
655 275136 0.00156911
656 275740 0.00154524
657 276345 0.00152173
658 276890 0.00149859
659 277620 0.00147579
660 278152 0.00145334
661 278727 0.00143123
662 279471 0.00140946
663 280070 0.00138802
664 280616 0.0013669
665 281157 0.00134611
666 281735 0.00132563
667 282345 0.00130547
668 282874 0.00128561
669 283427 0.00126605
670 284065 0.00124679
671 284714 0.00122783
672 285356 0.00120915
673 285931 0.00119075
674 286546 0.00117264
675 287155 0.0011548
676 287857 0.00113724
677 288460 0.00111994
678 289020 0.0011029
679 289649 0.00108612
680 290301 0.0010696
681 290939 0.00105333
682 291493 0.00103731
683 292075 0.00102153
684 292662 0.00100599
685 293203 0.000990684
686 293733 0.000975613
687 294320 0.000960772
688 294887 0.000946157
689 295561 0.000931764
690 296165 0.00091759
691 296753 0.000903631
692 297396 0.000889885
693 297943 0.000876348
694 298548 0.000863017
695 299128 0.000849889
696 299710 0.00083696
697 300254 0.000824229
698 300782 0.00081169
699 301415 0.000799343
700 302006 0.000787183
701 302552 0.000775209
702 303198 0.000763416
703 303928 0.000751803
704 304543 0.000740366
705 305126 0.000729104
706 305871 0.000718013
707 306421 0.00070709
708 307094 0.000696334
709 307652 0.000685741
710 308175 0.00067531
711 308762 0.000665037
712 309388 0.00065492
713 309981 0.000644958
714 310535 0.000635146
715 311079 0.000625485
716 311741 0.00061597
717 312272 0.0006066
718 312877 0.000597372
719 313485 0.000588285
720 314096 0.000579336
721 314693 0.000570523
722 315297 0.000561844
723 315902 0.000553297
724 316470 0.00054488
725 317027 0.000536592
726 317592 0.000528429
727 318138 0.00052039
728 318702 0.000512474
729 319244 0.000504678
730 319812 0.000497001
