0 259.168 1920.27
1 546.058 406.548
2 830.632 401.248
3 1085.67 396.215
4 1369.31 391.3
5 1612.43 386.489
6 1831.19 381.755
7 2053.64 377.094
8 2273.41 372.5
9 2491.85 367.97
10 2718.53 363.507
11 2932.58 359.105
12 3145.51 354.766
13 3362.12 350.487
14 3585.18 346.268
15 3826.21 342.106
16 4039.85 338
17 4255.7 333.95
18 4484.92 329.954
19 4704.32 326.013
20 4923.05 322.129
21 5138.39 318.297
22 5358.79 314.515
23 5582.68 310.785
24 5799.35 307.105
25 6023.28 303.473
26 6250.81 299.892
27 6475.04 296.357
28 6692.8 292.87
29 6906.72 289.429
30 7125.13 286.034
31 7352.58 282.685
32 7578.4 279.38
33 7816.42 276.12
34 8042.7 272.903
35 8259.83 269.729
36 8500.82 266.597
37 8737.21 263.507
38 8971.02 260.459
39 9194.66 257.452
40 9426.06 254.485
41 9650.79 251.558
42 9907.07 248.671
43 10137.7 245.822
44 10365.6 243.012
45 10597.1 240.24
46 10826.4 237.506
47 11055.9 234.808
48 11290 232.147
49 11520.8 229.523
50 11737.3 226.934
51 11958.6 224.38
52 12194.4 221.861
53 12420.8 219.376
54 12637.6 216.925
55 12963.4 214.508
56 13501.8 212.123
57 14021 209.771
58 14569.2 207.45
59 15057.2 205.161
60 15679.4 202.902
61 16217.4 200.673
62 16738.6 198.473
63 17272.8 196.302
64 17818.8 194.16
65 18354.6 192.045
66 18940.7 189.957
67 19522.9 187.895
68 20047.4 185.86
69 20594.6 183.85
70 21117.2 181.865
71 21731.6 179.906
72 22220.2 177.972
73 22809.4 176.063
74 23342.8 174.179
75 23841.3 172.321
76 24370.2 170.489
77 24850.8 168.684
78 25440.5 166.908
79 25962.8 165.162
80 26484.8 163.447
81 26984.8 161.764
82 27503 160.116
83 28064.7 158.505
84 28567.4 156.933
85 29051.1 155.402
86 29639.5 153.914
87 30123.8 152.47
88 30635.6 151.074
89 31110.7 149.727
90 31599.3 148.429
91 32185.1 147.182
92 32814.3 145.987
93 33369.8 144.843
94 33945.6 143.751
95 34502.3 142.708
96 35014.7 141.712
97 35514.4 140.762
98 35996.5 145.139
99 36519.6 143.112
100 37142.1 144.119
101 37663.4 141.454
102 38169 139.931
103 38665 138.813
104 39162.3 137.953
105 39690.4 137.275
106 40213.7 136.658
107 40700.5 136.155
108 41188.9 135.678
109 41697.8 135.226
110 42203.1 134.862
111 42704 134.484
112 43214.2 134.129
113 43726.4 133.814
114 44239.5 133.472
115 44728.2 133.175
116 45230.1 132.858
117 45748.5 132.55
118 46353.6 132.249
119 46881.1 131.936
120 47421.5 131.628
121 48006.3 131.319
122 48535.9 130.999
123 49072.4 130.673
124 49601.8 130.345
125 50081.8 130.004
126 50596.3 129.66
127 51094 129.312
128 51601.2 128.951
129 52143.8 128.585
130 52708.1 128.216
131 53214.9 127.835
132 53724.2 127.449
133 54203.9 127.059
134 54698.7 126.657
135 55272 126.25
136 55879.8 125.843
137 56392.4 125.426
138 56867.4 125.002
139 57361.9 124.578
140 57858.6 124.146
141 58327.7 123.707
142 58814.6 123.269
143 59401.2 122.825
144 59993.9 122.373
145 60475.1 121.921
146 60964.8 121.467
147 61564.6 121.006
148 62042.2 120.542
149 62577.4 120.078
150 63156.1 119.609
151 63665.8 119.136
152 64145 118.663
153 64635.7 118.188
154 65133.5 117.709
155 65663.4 117.228
156 66151.5 116.747
157 66676.1 116.264
158 67203.2 115.778
159 67679.9 115.292
160 68158 114.806
161 68671.7 114.317
162 69162 113.827
163 69637.9 113.337
164 70115 112.847
165 70586.7 112.355
166 71071.6 111.863
167 71563.6 111.372
168 72052.5 110.879
169 72573.1 110.386
170 73137.3 109.893
171 73620.3 109.401
172 74089.6 108.909
173 74633.7 108.416
174 75106.4 107.923
175 75597.9 107.432
176 76223.3 106.94
177 76734.2 106.448
178 77252.5 105.957
179 77769.9 105.467
180 78318.2 104.976
181 78855.6 104.485
182 79400.3 103.995
183 79885 103.505
184 80394.3 103.014
185 80867.9 102.523
186 81365.8 102.032
187 81812.7 101.54
188 82288.6 101.047
189 82864.1 100.553
190 83400 100.058
191 83885.3 99.5604
192 84371.8 99.0612
193 84879.4 98.5595
194 85390.8 98.055
195 85882.1 97.5475
196 86414 97.0365
197 86904.7 490.129
198 87391.6 276.87
199 87912.2 65.1604
200 88435.6 61.8918
201 88909.5 57.8052
202 89404.4 56.0084
203 89934.2 54.3324
204 90404.1 53.057
205 90883.4 51.9537
206 91420.4 51.1212
207 91895.1 50.3632
208 92425.9 49.7153
209 92901 48.9475
210 93485.2 48.3223
211 94002.9 47.6495
212 94547.4 47.0453
213 95068.3 46.4558
214 95551.5 45.8535
215 96046.9 45.2845
216 96600.7 44.7289
217 97115.2 44.1726
218 97608.1 43.6378
219 98103.4 43.1052
220 98646.3 42.5771
221 99128.2 42.0723
222 99723.6 41.5768
223 100195 41.0703
224 100677 40.5835
225 101175 40.1052
226 101689 39.6333
227 102163 39.1608
228 102746 38.7011
229 103223 38.25
230 103705 37.8042
231 104213 37.3564
232 104695 36.9231
233 105198 36.4943
234 105670 36.0718
235 106221 35.6522
236 106704 35.2431
237 107167 34.8352
238 107649 34.4359
239 108197 34.0389
240 108672 33.65
241 109182 33.2646
242 109681 32.8853
243 110171 32.5111
244 110649 32.1425
245 111221 31.7763
246 111697 31.4161
247 112175 31.0626
248 112670 30.7134
249 113151 30.3687
250 113621 30.0281
251 114092 29.6929
252 114614 29.3614
253 115088 29.0341
254 115572 28.7121
255 116063 28.3962
256 116532 28.0837
257 117029 27.7746
258 117555 27.4708
259 118157 27.1708
260 118666 26.8752
261 119153 26.5846
262 119642 26.2985
263 120158 26.018
264 120733 25.74
265 121332 25.4668
266 121828 25.1987
267 122333 24.9354
268 122840 24.6765
269 123324 24.4227
270 123833 24.1743
271 124314 23.9297
272 124790 23.6891
273 125326 23.4541
274 125809 23.224
275 126353 22.9993
276 126836 22.7795
277 127314 22.5649
278 127808 22.3553
279 128383 22.1502
280 128891 21.9505
281 129445 21.7558
282 129943 21.5667
283 130448 21.3828
284 130975 21.2036
285 131477 21.0296
286 132017 20.8607
287 132525 20.6965
288 133037 20.5373
289 133542 20.3827
290 134037 20.2329
291 134615 20.0877
292 135097 19.9467
293 135662 19.8101
294 136152 19.6778
295 136637 19.549
296 137186 21.5971
297 137779 20.9138
298 138278 20.9636
299 138771 20.3697
300 139266 20.0612
301 139765 19.7431
302 140245 19.3535
303 140869 19.3846
304 141364 19.2026
305 141867 19.0101
306 142352 18.8871
307 142844 18.7629
308 143401 18.6639
309 143909 18.5685
310 144440 18.4768
311 144957 18.3803
312 145479 18.2769
313 145966 18.2036
314 146482 18.1208
315 146963 18.0297
316 147438 17.9685
317 147928 17.9138
318 148427 17.8478
319 148942 17.7874
320 149418 17.7412
321 149973 17.6924
322 150448 17.6313
323 150923 17.58
324 151404 17.5345
325 151897 17.4873
326 152384 17.4347
327 152934 17.3879
328 153412 17.3384
329 153914 17.291
330 154385 17.2372
331 154862 17.1845
332 155336 17.1319
333 155806 17.0824
334 156330 17.0314
335 156799 16.9777
336 157281 16.9232
337 157804 16.8682
338 158307 16.8145
339 158796 16.7613
340 159317 16.7068
341 159866 16.65
342 160430 16.5935
343 160915 16.5362
344 161415 16.4805
345 161948 16.4238
346 162424 16.3651
347 162912 16.3059
348 163386 16.2457
349 163937 16.1868
350 164416 16.1276
351 164922 16.0684
352 165405 16.0073
353 165891 15.9465
354 166421 15.8844
355 166904 15.8237
356 167394 15.7626
357 167892 15.7005
358 168403 15.6384
359 168905 15.5762
360 169395 15.5136
361 169882 15.4518
362 170397 15.3884
363 170876 15.3245
364 171345 15.2618
365 171852 15.199
366 172393 15.1353
367 172937 15.0717
368 173424 15.0072
369 173940 14.9433
370 174412 14.8794
371 174993 14.8153
372 175490 14.7504
373 175975 14.686
374 176448 14.6208
375 176896 14.5566
376 177440 14.4913
377 177955 14.4253
378 178457 14.3593
379 178939 14.2944
380 179423 14.2285
381 179966 14.1627
382 180461 14.0964
383 180983 14.0294
384 181491 13.9627
385 182006 13.8959
386 182484 13.8283
387 182990 13.7602
388 183472 13.6931
389 183946 13.6248
390 184457 13.5566
391 184986 13.4877
392 185477 13.4177
393 185954 13.3482
394 186460 13.2786
395 186951 65.5995
396 187445 40.2221
397 187956 11.1373
398 188464 9.06558
399 188941 8.26152
400 189455 7.52451
401 190029 7.61697
402 190518 7.23754
403 190996 7.20745
404 191488 6.9512
405 191961 6.90903
406 192488 6.75342
407 192981 6.6512
408 193467 6.58115
409 193951 6.47678
410 194482 6.38878
411 195049 6.31355
412 195538 6.23199
413 196020 6.15024
414 196527 6.07389
415 197015 6.00584
416 197522 5.93137
417 198048 5.86023
418 198615 5.78634
419 199096 5.71914
420 199591 5.65051
421 200114 5.58627
422 200609 5.51692
423 201105 5.45325
424 201664 5.3871
425 202143 5.32681
426 202634 5.26367
427 203109 5.20214
428 203690 5.14158
429 204183 5.08084
430 204696 5.0241
431 205165 4.96496
432 205651 4.90732
433 206167 4.85094
434 206706 4.79307
435 207242 4.73895
436 207758 4.68496
437 208273 4.63054
438 208762 4.57882
439 209265 4.52666
440 209801 4.4745
441 210363 4.42375
442 210876 4.37316
443 211430 4.32333
444 212035 4.27536
445 212575 4.22762
446 213104 4.17991
447 213603 4.13381
448 214111 4.08827
449 214604 4.04303
450 215138 3.99896
451 215611 3.95589
452 216138 3.91293
453 216655 3.87123
454 217137 3.82973
455 217619 3.78903
456 218121 3.74921
457 218629 3.71008
458 219146 3.67159
459 219728 3.63336
460 220241 3.59601
461 220731 3.55931
462 221239 3.52313
463 221877 3.48772
464 222381 3.45253
465 222877 3.41808
466 223414 3.38424
467 223974 3.35129
468 224493 3.31892
469 225112 3.28745
470 225602 3.25635
471 226133 3.22553
472 226653 3.19566
473 227228 3.1663
474 227726 3.1376
475 228340 3.10955
476 228900 3.0822
477 229426 3.05573
478 229916 3.02999
479 230456 3.00462
480 231009 2.97964
481 231721 2.95532
482 232236 2.93172
483 232717 2.90869
484 233258 2.88625
485 233760 2.86438
486 234317 2.84319
487 234821 2.82248
488 235360 2.80225
489 235890 2.78269
490 236376 2.76348
491 236926 2.74488
492 237450 2.72671
493 237950 2.70902
494 238479 3.17862
495 238968 3.03477
496 239501 3.04409
497 239997 3.00197
498 240527 2.80246
499 241004 2.83963
500 241491 2.74073
501 242049 2.74436
502 242538 2.66669
503 243059 2.69307
504 243577 2.61741
505 244077 2.58709
506 244566 2.57168
507 245124 2.53396
508 245687 2.50367
509 246169 2.50214
510 246714 2.4921
511 247246 2.47873
512 247776 2.46535
513 248298 2.46351
514 248800 2.45666
515 249297 2.44501
516 249862 2.43224
517 250466 2.42416
518 250947 2.41576
519 251478 2.40961
520 252009 2.39842
521 252482 2.38947
522 252967 2.38225
523 253472 2.37551
524 254037 2.36916
525 254566 2.36039
526 255159 2.35162
527 255644 2.34437
528 256175 2.33712
529 256741 2.33036
530 257261 2.3234
531 257783 2.31516
532 258270 2.30835
533 258777 2.30096
534 259269 2.29297
535 259816 2.28606
536 260359 2.27941
537 260872 2.27172
538 261453 2.26439
539 261995 2.25709
540 262576 2.24952
541 263156 2.24233
542 263659 2.23496
543 264201 2.22788
544 264718 2.21967
545 265237 2.21242
546 265726 2.2047
547 266283 2.19709
548 266875 2.18973
549 267367 2.182
550 267923 2.17431
551 268412 2.1664
552 268901 2.15853
553 269372 2.15082
554 269849 2.14274
555 270359 2.13487
556 270904 2.12734
557 271382 2.11936
558 271865 2.11155
559 272334 2.10348
560 272821 2.09525
561 273302 2.08699
562 273825 2.07872
563 274303 2.07041
564 274792 2.06233
565 275299 2.05397
566 275820 2.04591
567 276309 2.03768
568 276792 2.02923
569 277310 2.02072
570 277820 2.01225
571 278306 2.00388
572 278780 1.99535
573 279254 1.98663
574 279754 1.97807
575 280279 1.96949
576 280852 1.96064
577 281409 1.95202
578 281914 1.94326
579 282431 1.93457
580 282924 1.92566
581 283400 1.91669
582 283884 1.90773
583 284372 1.89873
584 284870 1.88958
585 285355 1.88072
586 285862 1.87177
587 286346 1.86266
588 286876 1.85352
589 287350 1.84433
590 287941 1.8351
591 288509 1.82574
592 289033 1.81629
593 289563 8.75132
594 290082 5.82495
595 290615 1.72834
596 291120 1.25041
597 291598 1.06028
598 292083 1.12252
599 292560 0.999822
600 293073 1.00844
601 293554 0.980506
602 294044 0.938572
603 294540 0.943475
604 295034 0.928524
605 295547 0.900674
606 296134 0.893986
607 296633 0.888438
608 297123 0.873428
609 297594 0.85616
610 298088 0.848071
611 298590 0.841312
612 299127 0.831663
613 299622 0.817162
614 300099 0.807567
615 300581 0.799233
616 301065 0.792862
617 301535 0.783092
618 302089 0.77223
619 302598 0.762994
620 303099 0.753991
621 303657 0.746667
622 304134 0.738889
623 304649 0.729596
624 305090 0.720374
625 305515 0.711788
626 306006 0.702607
627 306479 0.695
628 307020 0.68689
629 307696 0.678031
630 308191 0.669641
631 308666 0.661736
632 309151 0.653572
633 309643 0.646172
634 310141 0.639237
635 310614 0.632251
636 311122 0.624742
637 311596 0.617672
638 312079 0.610783
639 312542 0.60362
640 313030 0.597041
641 313528 0.590603
642 314026 0.584149
643 314511 0.577652
644 314984 0.57127
645 315465 0.565028
646 315992 0.558928
647 316570 0.552758
648 317095 0.546763
649 317601 0.540996
650 318080 0.535326
651 318630 0.529574
652 319106 0.524035
653 319597 0.518551
654 320128 0.513295
655 320658 0.507988
656 321143 0.502817
657 321617 0.497683
658 322108 0.492759
659 322665 0.487813
660 323179 0.482986
661 323693 0.478257
662 324233 0.473605
663 324726 0.469028
664 325219 0.464638
665 325771 0.460304
666 326270 0.456061
667 326846 0.451859
668 327335 0.447658
669 327819 0.443586
670 328291 0.439603
671 328808 0.435769
672 329358 0.431989
673 329844 0.428308
674 330331 0.424749
675 330819 0.421232
676 331319 0.417776
677 331863 0.414363
678 332368 0.411086
679 332890 0.40783
680 333390 0.404651
681 333877 0.401565
682 334350 0.398558
683 334829 0.395608
684 335400 0.392744
685 335913 0.389966
686 336407 0.387225
687 336973 0.384565
688 337487 0.381982
689 338068 0.379453
690 338606 0.376981
691 339084 0.374534
692 339581 0.465313
693 340054 0.446588
694 340570 0.454326
695 341041 0.410231
696 341622 0.411839
697 342098 0.389137
698 342623 0.397199
699 343184 0.37549
700 343710 0.374205
701 344219 0.365278
702 344698 0.349015
703 345171 0.350884
704 345684 0.35149
705 346167 0.347029
706 346698 0.344359
707 347246 0.343568
708 347760 0.344941
709 348271 0.340931
710 348775 0.336883
711 349244 0.335332
712 349745 0.335098
713 350239 0.334718
714 350718 0.332254
715 351202 0.330545
716 351668 0.329058
717 352219 0.327665
718 352693 0.327346
719 353175 0.326103
720 353714 0.324402
721 354297 0.323353
722 354767 0.321864
723 355312 0.320823
724 355784 0.320161
725 356291 0.319212
726 356804 0.317845
727 357372 0.316942
728 357855 0.315714
729 358468 0.314492
730 358980 0.313547
731 359451 0.31279
732 360030 0.311833
733 360536 0.310649
734 361008 0.309693
735 361546 0.308738
736 362079 0.307628
737 362608 0.306572
738 363097 0.305639
739 363531 0.304712
740 364162 0.303676
741 364644 0.30259
742 365170 0.301683
743 365656 0.300653
744 366148 0.299672
745 366633 0.298601
746 367245 0.297529
747 367769 0.296573
748 368336 0.295618
749 368984 0.294549
750 369506 0.293508
751 369980 0.292455
752 370499 0.291441
753 370995 0.290402
754 371513 0.289336
755 371992 0.288291
756 372499 0.287229
757 373007 0.286176
758 373517 0.285089
759 374092 0.28404
760 374593 0.282948
761 375283 0.281911
762 375774 0.280855
763 376372 0.279739
764 376880 0.278658
765 377360 0.277568
766 377923 0.276447
767 378396 0.275347
768 378908 0.274238
769 379356 0.273137
770 379850 0.272016
771 380398 0.270904
772 380909 0.269794
773 381503 0.268634
774 382018 0.267482
775 382553 0.266333
776 383119 0.265164
777 383603 0.263975
778 384153 0.262831
779 384634 0.261651
780 385110 0.260491
781 385618 0.259298
782 386181 0.258108
783 386658 0.256887
784 387213 0.255668
785 387738 0.254464
786 388229 0.253207
787 388716 0.25196
788 389227 0.25072
789 389790 0.249468
790 390279 0.248225
791 390787 1.16861
792 391315 0.835329
793 391806 0.245921
794 392416 0.154461
795 392915 0.166702
796 393401 0.137742
797 393946 0.146507
798 394429 0.134482
799 394989 0.130309
800 395556 0.132833
801 396144 0.12857
802 396732 0.124145
803 397204 0.123355
804 397727 0.123486
805 398350 0.121194
806 398926 0.118813
807 399434 0.11704
808 399950 0.116479
809 400486 0.115926
810 401105 0.11405
811 401593 0.112417
812 402071 0.110943
813 402547 0.109796
814 403081 0.109134
815 403646 0.107729
816 404139 0.106034
817 404666 0.104692
818 405252 0.102987
819 405726 0.10165
820 406200 0.100565
821 406800 0.0993712
822 407280 0.0980605
823 407803 0.0968576
824 408284 0.0956829
825 408848 0.09454
826 409354 0.0934819
827 409918 0.0925604
828 410427 0.0914752
829 410933 0.0903542
830 411417 0.0893777
831 411922 0.0883627
832 412396 0.0872898
833 412887 0.0862074
834 413373 0.085303
835 413854 0.0844051
836 414334 0.083452
837 414843 0.0825349
838 415360 0.0816225
839 415880 0.0807584
840 416376 0.0798631
841 416861 0.0789511
842 417351 0.0780657
843 417883 0.0772764
844 418357 0.0764732
845 418899 0.075644
846 419461 0.0748603
847 419958 0.0740689
848 420410 0.0733382
849 420885 0.0725664
850 421353 0.0718232
851 421815 0.0710643
852 422296 0.0703646
853 422756 0.069667
854 423303 0.0689844
855 423756 0.0682973
856 424273 0.0676161
857 424804 0.0669796
858 425273 0.0663445
859 425729 0.0657184
860 426240 0.0651108
861 426718 0.0644859
862 427296 0.0638717
863 427780 0.0632853
864 428227 0.0627145
865 428704 0.0621506
866 429173 0.0615911
867 429661 0.0610488
868 430127 0.0605334
869 430606 0.0600079
870 431151 0.0595045
871 431649 0.0590203
872 432193 0.0585315
873 432716 0.0580401
874 433172 0.0575693
875 433645 0.0570996
876 434181 0.056667
877 434662 0.0562236
878 435236 0.0557912
879 435752 0.0553672
880 436264 0.0549736
881 436724 0.0545831
882 437206 0.0541919
883 437761 0.0538185
884 438242 0.0534421
885 438721 0.0530823
886 439189 0.0527297
887 439667 0.0523873
888 440165 0.0520583
889 440636 0.0517442
890 441159 0.0675221
891 441615 0.0667562
892 442141 0.0667548
893 442638 0.0541512
894 443107 0.0597998
895 443592 0.0530744
896 444125 0.0555954
897 444584 0.052156
898 445084 0.0486313
899 445576 0.0483492
900 446067 0.0501153
901 446554 0.0492239
902 447032 0.0483066
903 447469 0.0478619
904 447990 0.0478336
905 448579 0.047149
906 449127 0.0467378
907 449590 0.0464727
908 450063 0.045951
909 450549 0.0461593
910 451039 0.0460231
911 451507 0.0455671
912 451905 0.0453828
913 452403 0.044984
914 452902 0.0448819
915 453426 0.0448261
916 454000 0.0446799
917 454505 0.0443992
918 455001 0.0442771
919 455514 0.0440822
920 456089 0.0438646
921 456615 0.0437462
922 457093 0.0436395
923 457574 0.0435062
924 458120 0.0433127
925 458623 0.0431641
926 459148 0.0430323
927 459665 0.0428421
928 460237 0.0427024
929 460712 0.0425755
930 461196 0.0424755
931 461700 0.0423332
932 462201 0.0421888
933 462725 0.0420485
934 463235 0.0419396
935 463854 0.0418039
936 464307 0.0416563
937 464777 0.0415178
938 465192 0.0413898
939 465731 0.0412361
940 466246 0.041104
941 466777 0.0409375
942 467307 0.0407959
943 467838 0.0406409
944 468382 0.0405011
945 468898 0.0403557
946 469371 0.0402084
947 469839 0.0400792
948 470324 0.0399334
949 470785 0.0398093
950 471277 0.039674
951 471769 0.0395363
952 472231 0.0393942
953 472752 0.0392568
954 473262 0.0391208
955 473833 0.0389754
956 474327 0.0388351
957 474812 0.0386847
958 475419 0.0385372
959 475924 0.0383995
960 476447 0.0382547
961 476948 0.0381053
962 477434 0.0379544
963 477868 0.0378114
964 478367 0.0376649
965 478901 0.0375184
966 479555 0.0373713
967 480157 0.0372193
968 480642 0.0370735
969 481187 0.0369183
970 481704 0.0367603
971 482172 0.0366055
972 482671 0.0364511
973 483187 0.0362953
974 483709 0.0361391
975 484181 0.0359882
976 484749 0.0358373
977 485230 0.0356806
978 485743 0.0355256
979 486283 0.0353698
980 486834 0.0352128
981 487325 0.0350566
982 487792 0.034895
983 488280 0.0347291
984 488773 0.0345677
985 489234 0.0343996
986 489699 0.034235
987 490250 0.0340686
988 490746 0.0339017
989 491227 0.156183
990 491723 0.118728
991 492190 0.0328134
992 492670 0.0211039
993 493149 0.0232423
994 493604 0.0196668
995 494066 0.0185245
996 494598 0.0193273
997 495095 0.0181918
998 495629 0.017421
999 496143 0.017407
