0 354.117 661.852
1 698.822 266.094
2 1019.45 227.854
3 1343.53 195.805
4 1638.29 168.824
5 1933.32 146.069
6 2195.98 126.86
7 2448.62 110.639
8 2718.47 96.9379
9 3013.21 85.3658
10 3248.14 75.5906
11 3494.04 67.3308
12 3784.27 60.3479
13 4112.21 54.4388
14 4397.52 49.4312
15 4656.51 45.1788
16 4945.33 41.5578
17 5223.32 38.4637
18 5472.2 35.8089
19 5741.06 33.52
20 6000.75 31.5359
21 6258.29 29.8061
22 6489.13 28.2887
23 6756.35 26.9495
24 7065.2 25.7602
25 7308.4 24.6975
26 7575.8 23.7424
27 7833.78 22.8792
28 8060.52 22.0949
29 8342.7 21.3787
30 8591.6 20.7218
31 8842.32 20.1165
32 9104.66 19.5567
33 9353.61 19.037
34 9590.67 18.5529
35 9847.39 18.1004
36 10097.2 17.6763
37 10335.5 17.2776
38 10610.2 16.9018
39 10903.2 16.5467
40 11156.3 16.2104
41 11461.7 15.8911
42 11720.5 15.5874
43 11971.4 15.2978
44 12226.5 15.0213
45 12548.8 14.7567
46 12822.4 14.503
47 13110.3 14.2594
48 13370.3 14.0252
49 13620.3 13.7995
50 13908.4 13.5818
51 14212.4 13.3716
52 14440.3 13.1682
53 14717.4 12.9712
54 14977.9 12.7803
55 15316.6 12.5949
56 15626.7 12.4147
57 15870 12.2395
58 16128.4 12.0689
59 16353.7 11.9026
60 16625.6 11.7404
61 16905.9 11.5821
62 17190.1 11.4274
63 17453.2 11.2762
64 17747.5 11.1283
65 18015.8 10.9835
66 18284.5 10.8416
67 18549.8 10.7026
68 18814.5 10.5663
69 19062.4 10.4325
70 19340.4 10.3013
71 19625.8 10.1724
72 19921.6 10.0457
73 20211.6 9.92127
74 20482.8 9.79892
75 20775.5 9.67858
76 21042.8 9.5602
77 21282.7 9.4437
78 21576.7 9.32902
79 21867.2 9.2161
80 22126.8 9.10489
81 22403.7 8.99533
82 22658.1 8.88738
83 22943.2 8.78098
84 23214 8.67611
85 23481.9 8.57271
86 23781 8.47076
87 24064.7 8.3702
88 24307.3 8.27101
89 24557.6 8.17316
90 24784.7 8.07662
91 25066.1 7.98134
92 25325.4 7.88732
93 25638.4 7.79452
94 25942.3 7.70291
95 26198.1 7.61247
96 26497.3 7.52319
97 26774.9 7.43502
98 27080 7.34797
99 27355.2 7.26199
100 27612.6 7.17707
101 27854.4 7.0932
102 28110 7.01034
103 28377.3 6.92849
104 28694.9 6.84762
105 28951.9 6.76771
106 29211.5 6.68876
107 29525.6 6.61073
108 29768.9 6.53362
109 30080.3 6.45741
110 30375.9 6.38208
111 30667.4 6.30762
112 30930.9 6.23402
113 31207.7 6.16126
114 31473.5 6.08933
115 31764.3 6.01821
116 32065 5.9479
117 32316.4 5.87838
118 32567.8 5.80965
119 32877.6 5.74168
120 33166.5 5.67447
121 33420.3 5.608
122 33734.5 5.54228
123 34033.5 5.47728
124 34363.4 5.413
125 34648.8 5.34943
126 34920.5 5.28657
127 35160.4 5.22439
128 35417.6 5.16289
129 35659.8 5.10207
130 35953.7 5.04192
131 36204.1 4.98243
132 36476.1 4.92358
133 36772.7 4.86538
134 37067.5 4.80782
135 37353.5 4.75089
136 37657.6 4.69457
137 37961.4 4.63888
138 38255.6 4.58379
139 38533.1 4.52931
140 38848.3 4.47542
141 39087.5 4.42212
142 39323.6 4.3694
143 39592.3 4.31726
144 39872 4.2657
145 40213 4.21469
146 40466.6 4.16425
147 40759.7 4.11437
148 41080.1 4.06503
149 41352.1 4.01624
150 41639.5 3.96798
151 41908.4 3.92026
152 42173.4 3.87306
153 42487.1 3.82639
154 42733.6 3.78023
155 43062.5 3.73459
156 43357 3.68946
157 43637.2 3.64482
158 43935.2 3.60069
159 44200.4 3.55704
160 44458.9 3.51389
161 44759.5 3.47122
162 45031.2 3.42903
163 45324.3 3.38731
164 45589.6 3.34606
165 45888.9 3.30528
166 46141.8 3.26496
167 46450.7 3.22509
168 46737.9 3.18568
169 46973.2 3.14671
170 47243.1 3.10819
171 47506.1 3.0701
172 47751.9 3.03245
173 48014.4 2.99524
174 48274.7 2.95844
175 48520.3 2.92207
176 48808.5 2.88612
177 49054.2 2.85058
178 49343.2 2.81545
179 49587.5 2.78073
180 49890.9 2.74641
181 50148.8 2.71249
182 50437.3 2.67896
183 50733.3 2.64582
184 50975.9 2.61307
185 51286.6 2.5807
186 51546 2.54871
187 51806.1 2.51709
188 52043.6 2.48585
189 52310.9 2.45497
190 52566.5 2.42446
191 52855.5 2.3943
192 53148.1 2.3645
193 53370.1 2.33506
194 53633.7 2.30596
195 53913.6 2.27721
196 54216.9 2.2488
197 54498.7 2.22072
198 54782.1 2.19299
199 55037.4 2.16558
200 55337.7 2.1385
201 55580.4 2.11174
202 55874.2 2.08531
203 56149.6 2.05919
204 56461.2 2.03339
205 56748.5 2.00789
206 57012.5 1.98271
207 57264.3 1.95782
208 57501.3 1.93324
209 57756 1.90896
210 58028.1 1.88497
211 58355.3 1.86127
212 58592.5 1.83785
213 58871.6 1.81472
214 59123.2 1.79188
215 59364.2 1.76931
216 59634.4 1.74702
217 59941.9 1.72499
218 60222.4 1.70324
219 60513.4 1.68175
220 60782.2 1.66053
221 61029.4 1.63957
222 61316.5 1.61886
223 61590.5 1.59841
224 61839.4 1.5782
225 62102.8 1.55825
226 62327.1 1.53854
227 62603.3 1.51908
228 62888.8 1.49985
229 63137.7 1.48087
230 63377.2 1.46211
231 63686.3 1.44359
232 64025 1.4253
233 64310.6 1.40724
234 64562.7 1.38939
235 64795.5 1.37177
236 65091.4 1.35437
237 65367.2 1.33719
238 65612.5 1.32021
239 65905 1.30345
240 66187.9 1.2869
241 66468.7 1.27055
242 66766.4 1.25441
243 67029.6 1.23847
244 67367.2 1.22273
245 67651.4 1.20718
246 67908.4 1.19183
247 68204.4 1.17667
248 68490.2 1.1617
249 68792.1 1.14691
250 69101.3 1.13232
251 69350.5 1.1179
252 69657.3 1.10367
253 69900.8 1.08961
254 70185.1 1.07573
255 70432.8 1.06203
256 70709.1 1.04849
257 70963.5 1.03513
258 71237.7 1.02193
259 71510.9 1.00891
260 71804.6 0.99604
261 72049.4 0.983337
262 72351.4 0.970793
263 72615.4 0.958408
264 72907.9 0.946179
265 73167.6 0.934104
266 73426.5 0.922181
267 73731.6 0.910409
268 73998 0.898786
269 74261 0.887309
270 74538.9 0.875977
271 74841.7 0.864789
272 75085.2 0.853742
273 75362.9 0.842834
274 75639.2 0.832065
275 75922.8 0.821432
276 76180.8 0.810934
277 76412.7 0.800568
278 76701.6 0.790334
279 76968 0.78023
280 77252.8 0.770253
281 77551.6 0.760403
282 77782.2 0.750678
283 78016.7 0.741077
284 78297 0.731597
285 78572.4 0.722238
286 78859.1 0.712997
287 79189.8 0.703874
288 79475.8 0.694867
289 79737.6 0.685974
290 79970.9 0.677194
291 80301.8 0.668526
292 80558 0.659968
293 80781.9 0.651519
294 81049 0.643178
295 81293.8 0.634942
296 81589.5 0.626812
297 81844.8 0.618784
298 82090.1 0.610859
299 82350.1 0.603035
300 82588.2 0.595311
301 82856.8 0.587685
302 83116 0.580156
303 83346.6 0.572724
304 83586.8 0.565386
305 83831.7 0.558141
306 84070.1 0.550989
307 84288.2 0.543928
308 84513.9 0.536957
309 84768.9 0.530075
310 85057.2 0.523281
311 85295.8 0.516574
312 85555.3 0.509952
313 85799.4 0.503414
314 86051.8 0.496961
315 86290.7 0.490589
316 86598.5 0.484299
317 86924.3 0.478089
318 87177.3 0.471959
319 87419.7 0.465907
320 87676.2 0.459932
321 87938.3 0.454034
322 88197.3 0.448211
323 88494.3 0.442462
324 88785.2 0.436787
325 89005.6 0.431185
326 89281.5 0.425654
327 89522.4 0.420194
328 89774.8 0.414803
329 90023.8 0.409482
330 90260.4 0.404229
331 90522.9 0.399042
332 90817.7 0.393923
333 91041.9 0.388868
334 91303.1 0.383879
335 91551.3 0.378953
336 91803.2 0.37409
337 92041.3 0.36929
338 92275.9 0.364551
339 92710.6 0.359873
340 93220.6 0.355254
341 93727.8 0.350695
342 94249.8 0.346194
343 94747.1 0.341751
344 95261.9 0.337364
345 95818.7 0.333034
346 96312.6 0.32876
347 96817.8 0.32454
348 97344.1 0.320374
349 97870.5 0.316261
350 98380.3 0.312201
351 98907.6 0.308194
352 99414.2 0.304237
353 99907 0.300331
354 100394 0.296476
355 100881 0.292669
356 101381 0.288912
357 101872 0.285203
358 102349 0.281541
359 102840 0.277926
360 103331 0.274358
361 103819 0.270835
362 104302 0.267357
363 104796 0.263924
364 105284 0.260535
365 105775 0.25719
366 106257 0.253887
367 106740 0.250627
368 107315 0.247409
369 107796 0.244231
370 108271 0.241095
371 108746 0.237999
372 109229 0.234942
373 109767 0.231925
374 110265 0.228947
375 110747 0.226006
376 111220 0.223104
377 111704 0.220238
378 112203 0.21741
379 112690 0.214617
380 113199 0.211861
381 113681 0.20914
382 114180 0.206454
383 114656 0.203802
384 115149 0.201184
385 115641 0.1986
386 116136 0.196049
387 116626 0.193531
388 117122 0.191045
389 117599 0.188591
390 118118 0.186169
391 118622 0.183777
392 119117 0.181416
393 119591 0.179086
394 120065 0.176786
395 120545 0.174515
396 121101 0.172273
397 121619 0.17006
398 122106 0.167875
399 122603 0.165719
400 123111 0.16359
401 123586 0.161488
402 124060 0.159414
403 124552 0.157366
404 125033 0.155344
405 125518 0.153348
406 126005 0.151378
407 126482 0.149434
408 126959 0.147514
409 127439 0.145619
410 127928 0.143748
411 128399 0.141901
412 128924 0.140078
413 129399 0.138278
414 129877 0.136502
415 130352 0.134748
416 130872 0.133017
417 131352 0.131308
418 131906 0.129621
419 132391 0.127956
420 132900 0.126312
421 133377 0.124689
422 133882 0.123087
423 134356 0.121505
424 134841 0.119944
425 135361 0.118403
426 135836 0.116882
427 136315 0.11538
428 136800 0.113898
429 137291 0.112434
430 137771 0.11099
431 138264 0.109563
432 138781 0.108156
433 139271 0.106766
434 139753 0.105394
435 140242 0.10404
436 140723 0.102703
437 141274 0.101384
438 141827 0.100081
439 142347 0.098795
440 142857 0.0975256
441 143330 0.0962725
442 143825 0.0950354
443 144307 0.0938143
444 144796 0.0926089
445 145288 0.0914189
446 145876 0.0902442
447 146386 0.0890847
448 146860 0.08794
449 147355 0.08681
450 147876 0.0856945
451 148370 0.0845934
452 148894 0.0835064
453 149371 0.0824334
454 149850 0.0813741
455 150327 0.0803285
456 150801 0.0792963
457 151278 0.0782774
458 151816 0.0772715
459 152331 0.0762786
460 152821 0.0752985
461 153296 0.0743309
462 153791 0.0733757
463 154269 0.0724329
464 154761 0.0715021
465 155265 0.0705833
466 155787 0.0696763
467 156263 0.068781
468 156840 0.0678972
469 157330 0.0670247
470 157850 0.0661634
471 158348 0.0653132
472 158869 0.0644739
473 159379 0.0636454
474 159922 0.0628276
475 160416 0.0620202
476 160954 0.0612233
477 161440 0.0604365
478 161990 0.0596599
479 162464 0.0588933
480 162941 0.0581365
481 163445 0.0573894
482 163964 0.0566519
483 164453 0.0559239
484 164938 0.0552053
485 165434 0.0544959
486 165921 0.0537956
487 166416 0.0531043
488 166948 0.0524219
489 167429 0.0517483
490 167910 0.0510833
491 168392 0.0504268
492 168870 0.0497788
493 169369 0.0491391
494 169928 0.0485077
495 170437 0.0478843
496 170956 0.047269
497 171513 0.0466616
498 172003 0.0460619
499 172514 0.04547
500 173026 0.0448857
501 173569 0.0443089
502 174051 0.0437395
503 174542 0.0431774
504 175021 0.0426226
505 175500 0.0420748
506 175975 0.0415342
507 176462 0.0410004
508 176961 0.0404735
509 177537 0.0399534
510 178014 0.03944
511 178485 0.0389332
512 179025 0.0384329
513 179505 0.037939
514 180024 0.0374514
515 180517 0.0369701
516 181043 0.0364951
517 181543 0.0360261
518 182060 0.0355631
519 182571 0.0351061
520 183105 0.034655
521 183665 0.0342096
522 184146 0.03377
523 184660 0.033336
524 185177 0.0329076
525 185672 0.0324847
526 186165 0.0320673
527 186664 0.0316552
528 187163 0.0312484
529 187660 0.0308468
530 188178 0.0304504
531 188718 0.0300591
532 189257 0.0296728
533 189738 0.0292915
534 190308 0.0289151
535 190816 0.0285435
536 191308 0.0281767
537 191802 0.0278146
538 192333 0.0274572
539 192837 0.0271043
540 193342 0.026756
541 193863 0.0264122
542 194362 0.0260727
543 194851 0.0257377
544 195341 0.0254069
545 195863 0.0250804
546 196344 0.0247581
547 196904 0.02444
548 197386 0.0241259
549 197937 0.0238159
550 198452 0.0235098
551 198927 0.0232077
552 199406 0.0229094
553 200026 0.022615
554 200496 0.0223244
555 201022 0.0220375
556 201522 0.0217543
557 202002 0.0214748
558 202500 0.0211988
559 203003 0.0209264
560 203520 0.0206574
561 204001 0.020392
562 204475 0.0201299
563 204963 0.0198712
564 205476 0.0196159
565 205977 0.0193638
566 206493 0.0191149
567 206969 0.0188693
568 207452 0.0186268
569 207973 0.0183874
570 208544 0.0181511
571 209028 0.0179179
572 209672 0.0176876
573 210164 0.0174603
574 210684 0.0172359
575 211159 0.0170144
576 211711 0.0167958
577 212223 0.0165799
578 212728 0.0163669
579 213203 0.0161565
580 213687 0.0159489
581 214180 0.0157439
582 214682 0.0155416
583 215302 0.0153419
584 215788 0.0151447
585 216363 0.0149501
586 216848 0.014758
587 217330 0.0145683
588 217835 0.0143811
589 218312 0.0141963
590 218824 0.0140139
591 219305 0.0138338
592 219803 0.013656
593 220296 0.0134805
594 220860 0.0133073
595 221350 0.0131363
596 221885 0.0129674
597 222426 0.0128008
598 223014 0.0126363
599 223528 0.0124739
600 224022 0.0123136
601 224493 0.0121554
602 225043 0.0119991
603 225516 0.0118449
604 226003 0.0116927
605 226492 0.0115425
606 227015 0.0113941
607 227501 0.0112477
608 228070 0.0111032
609 228547 0.0109605
610 229040 0.0108196
611 229521 0.0106806
612 230015 0.0105433
613 230505 0.0104078
614 230977 0.0102741
615 231463 0.010142
616 231940 0.0100117
617 232460 0.00988305
618 232938 0.00975604
619 233411 0.00963067
620 233962 0.0095069
621 234507 0.00938473
622 235007 0.00926412
623 235501 0.00914507
624 235992 0.00902755
625 236464 0.00891153
626 236980 0.00879701
627 237459 0.00868396
628 237955 0.00857236
629 238468 0.0084622
630 238944 0.00835345
631 239425 0.0082461
632 239932 0.00814013
633 240539 0.00803552
634 241116 0.00793225
635 241594 0.00783032
636 242102 0.00772969
637 242588 0.00763035
638 243122 0.0075323
639 243634 0.0074355
640 244125 0.00733994
641 244598 0.00724562
642 245067 0.0071525
643 245545 0.00706059
644 246112 0.00696985
645 246587 0.00688028
646 247062 0.00679186
647 247644 0.00670458
648 248122 0.00661842
649 248615 0.00653337
650 249158 0.0064494
651 249679 0.00636652
652 250197 0.00628471
653 250679 0.00620394
654 251165 0.00612421
655 251664 0.00604551
656 252162 0.00596782
657 252673 0.00589113
658 253219 0.00581542
659 253755 0.00574069
660 254250 0.00566691
661 254771 0.00559409
662 255284 0.0055222
663 255777 0.00545123
664 256331 0.00538118
665 256897 0.00531202
666 257472 0.00524376
667 257957 0.00517637
668 258442 0.00510985
669 258919 0.00504418
670 259488 0.00497936
671 260151 0.00491537
672 260900 0.0048522
673 261565 0.00478984
674 262120 0.00472829
675 262630 0.00466753
676 263155 0.00460754
677 263747 0.00454833
678 264257 0.00448988
679 264767 0.00443218
680 265288 0.00437522
681 265782 0.004319
682 266326 0.00426349
683 266885 0.0042087
684 267376 0.00415462
685 267901 0.00410122
686 268413 0.00404852
687 268946 0.00399649
688 269458 0.00394513
689 269943 0.00389443
690 270448 0.00384439
691 271043 0.00379498
692 271542 0.00374621
693 272079 0.00369807
694 272586 0.00365054
695 273082 0.00360363
696 273604 0.00355732
697 274205 0.0035116
698 274714 0.00346648
699 275218 0.00342193
700 275708 0.00337795
701 276191 0.00333454
702 276684 0.00329169
703 277266 0.00324939
704 277810 0.00320763
705 278299 0.00316641
706 278818 0.00312572
707 279391 0.00308555
708 279907 0.0030459
709 280398 0.00300675
710 280884 0.00296811
711 281356 0.00292997
712 281870 0.00289232
713 282371 0.00285515
714 282874 0.00281846
715 283373 0.00278224
716 283879 0.00274648
717 284377 0.00271119
718 284985 0.00267634
719 285479 0.00264195
720 285966 0.002608
721 286442 0.00257448
722 286927 0.0025414
723 287410 0.00250874
724 287888 0.0024765
725 288366 0.00244467
726 288839 0.00241326
727 289319 0.00238224
728 289858 0.00235163
729 290334 0.00232141
730 290814 0.00229157
731 291304 0.00226213
732 291835 0.00223305
733 292342 0.00220436
734 292839 0.00217603
735 293380 0.00214806
736 293870 0.00212046
737 294351 0.00209321
738 294830 0.00206631
739 295314 0.00203976
740 295787 0.00201354
741 296267 0.00198767
742 296743 0.00196212
743 297226 0.00193691
744 297698 0.00191202
745 298241 0.00188744
746 298716 0.00186319
747 299233 0.00183924
748 299722 0.00181561
749 300202 0.00179228
750 300694 0.00176924
751 301212 0.00174651
752 301703 0.00172406
753 302192 0.00170191
754 302680 0.00168003
755 303194 0.00165844
756 303713 0.00163713
757 304213 0.00161609
758 304699 0.00159532
759 305174 0.00157482
760 305743 0.00155458
761 306224 0.00153461
762 306764 0.00151488
763 307294 0.00149542
764 307817 0.0014762
765 308293 0.00145723
766 308778 0.0014385
767 309249 0.00142002
768 309736 0.00140177
769 310222 0.00138375
770 310698 0.00136597
771 311172 0.00134842
772 311709 0.00133109
773 312185 0.00131398
774 312656 0.00129709
775 313137 0.00128043
776 313607 0.00126397
777 314096 0.00124773
778 314570 0.00123169
779 315058 0.00121586
780 315576 0.00120024
781 316143 0.00118481
782 316626 0.00116959
783 317187 0.00115456
784 317657 0.00113972
785 318158 0.00112507
786 318660 0.00111062
787 319230 0.00109634
788 319775 0.00108225
789 320253 0.00106835
790 320781 0.00105462
791 321453 0.00104106
792 321929 0.00102768
793 322457 0.00101448
794 323066 0.00100144
795 323620 0.000988571
796 324125 0.000975867
797 324740 0.000963326
798 325406 0.000950946
799 325957 0.000938726
800 326490 0.000926662
801 327001 0.000914753
802 327599 0.000902998
803 328162 0.000891393
804 328682 0.000879938
805 329203 0.00086863
806 329801 0.000857467
807 330299 0.000846448
808 330851 0.00083557
809 331364 0.000824832
810 331870 0.000814232
811 332411 0.000803768
812 332956 0.000793439
813 333448 0.000783242
814 333965 0.000773177
815 334545 0.000763241
816 335078 0.000753432
817 335599 0.00074375
818 336171 0.000734192
819 336752 0.000724757
820 337402 0.000715443
821 337951 0.000706248
822 338550 0.000697172
823 339182 0.000688213
824 339666 0.000679369
825 340259 0.000670638
826 340874 0.00066202
827 341472 0.000653512
828 341962 0.000645114
829 342453 0.000636823
830 343040 0.000628639
831 343590 0.000620561
832 344153 0.000612586
833 344664 0.000604713
834 345224 0.000596942
835 345726 0.000589271
836 346274 0.000581698
837 346812 0.000574223
838 347370 0.000566843
839 347863 0.000559559
840 348608 0.000552368
841 349153 0.000545269
842 349787 0.000538262
843 350391 0.000531345
844 350901 0.000524516
845 351417 0.000517776
846 351998 0.000511122
847 352564 0.000504553
848 353122 0.000498069
