0 244.032 511.535
1 477.072 221.82
2 778.476 172.931
3 1045.84 136.815
4 1301.71 109.942
5 1531.58 89.878
6 1754.89 74.8523
7 1969.54 63.5507
8 2186.89 54.9915
9 2414.48 48.4426
10 2629.48 43.3626
11 2854.22 39.3563
12 3071.78 36.138
13 3286.59 33.5036
14 3512.09 31.3072
15 3724.06 29.4448
16 3939.18 27.8416
17 4154.32 26.4433
18 4370.13 25.2098
19 4593.28 24.1112
20 4809.67 23.1246
21 5029.86 22.2322
22 5247.53 21.42
23 5467.45 20.6769
24 5691.36 19.9937
25 5949.43 19.363
26 6168.51 18.7785
27 6406.39 18.235
28 6626.71 17.7281
29 6844.93 17.254
30 7062 16.8094
31 7277.71 16.3915
32 7500.2 15.9979
33 7750.38 15.6265
34 7972.9 15.2753
35 8205.57 14.9426
36 8436.34 14.6271
37 8673.76 14.3273
38 8899.61 14.0422
39 9134.65 13.7705
40 9369.5 13.5114
41 9604.64 13.2641
42 9833.33 13.0276
43 10056.2 12.8013
44 10273.6 12.5846
45 10495.7 12.3769
46 10719.6 12.1775
47 10946.6 11.986
48 11174.1 11.8019
49 11404.3 11.6248
50 11631.3 11.4543
51 11854.9 11.29
52 12081.7 11.1316
53 12309.4 10.9788
54 12542.8 10.8312
55 12757.2 10.6885
56 13240.1 10.5506
57 13773.3 10.4171
58 14356.3 10.2879
59 14944.9 10.1627
60 15622.1 10.0413
61 16290 9.92355
62 16888.5 9.80924
63 17455.4 9.69821
64 18067.2 9.59029
65 18869.5 9.48535
66 19419.9 9.38323
67 19969.5 9.28381
68 20509.7 9.18696
69 21029.4 9.09255
70 21632.7 9.00049
71 22198.7 8.91065
72 22786.3 8.82294
73 23326.3 8.73726
74 23894.8 8.65352
75 24419.9 8.57164
76 24932.2 8.49154
77 25491.9 8.41313
78 26102.2 8.33635
79 26683.7 8.26112
80 27296.1 8.18738
81 27941 8.11507
82 28597.7 8.04413
83 29124.4 7.97449
84 29737.8 7.90612
85 30298.8 7.83896
86 30866.7 7.77295
87 31431.7 7.70807
88 32089 7.64425
89 32818 7.58146
90 33369 7.51967
91 33984.9 7.45883
92 34561.3 7.39891
93 35186.1 7.33988
94 35762.9 7.2817
95 36399.1 7.22435
96 37142.7 7.16779
97 37723.8 7.11201
98 38338.6 7.05696
99 38907.4 7.00264
100 39560.9 6.94901
101 40185 6.89605
102 40760.6 6.84375
103 41301.6 6.79207
104 41913.8 6.74101
105 42497.7 6.69055
106 43058 6.64066
107 43615.4 6.59133
108 44186.7 6.54255
109 44799.4 6.4943
110 45326.3 6.44656
111 45983.4 6.39933
112 46684.4 6.35258
113 47270.9 6.30631
114 48004 6.26051
115 48626.7 6.21516
116 49229.2 6.17026
117 49897.5 6.12578
118 50454.5 6.08173
119 51017.6 6.0381
120 51658.3 5.99486
121 52331 5.95203
122 52912.2 5.90958
123 53551.5 5.86751
124 54221.4 5.82581
125 54832.8 5.78448
126 55438.6 5.74351
127 56076.3 5.70289
128 56722.7 5.66261
129 57421.3 5.62268
130 57985.6 5.58307
131 58559.3 5.5438
132 59215.2 5.50484
133 59976.2 5.46621
134 60551.3 5.42788
135 61183.9 5.38986
136 61859.6 5.35215
137 62493.1 5.31473
138 63100.8 5.27761
139 63722 5.24077
140 64280.6 5.20422
141 64854.1 5.16796
142 65429.4 5.13197
143 66005.5 5.09625
144 66671.9 5.06081
145 67311.3 5.02563
146 67848.2 4.99072
147 68445.6 4.95606
148 68962.5 4.92167
149 69523.4 4.88753
150 70115.4 4.85364
151 70650.2 4.82
152 71243.8 4.7866
153 71851.9 4.75345
154 72417.3 4.72054
155 73003.2 4.68787
156 73659.3 4.65543
157 74350.2 4.62323
158 74925.7 4.59126
159 75535 4.55952
160 76190.1 4.528
161 76813.9 4.49671
162 77429.5 4.46564
163 78038.8 4.43479
164 78699.6 4.40415
165 79307.3 4.37374
166 79830.4 4.34353
167 80443 4.31354
168 81059.6 4.28376
169 81517.4 4.25419
170 82047.1 4.22482
171 82587.5 4.19566
172 83158.7 4.1667
173 83860.3 4.13795
174 84476.1 4.10939
175 85063.2 4.08103
176 85735.9 4.05287
177 86342.6 4.0249
178 86999.9 3.99712
179 87604.6 3.96954
180 88232.4 3.94214
181 88799.7 3.91494
182 89354.7 3.88792
183 90040.2 3.86109
184 90632.6 3.83444
185 91314.7 3.80797
186 91855.2 3.78169
187 92490.7 3.75558
188 93176 3.72965
189 93756.7 3.7039
190 94253 3.67833
191 94806.3 3.65293
192 95404.6 3.62771
193 95997.4 3.60265
194 96552.6 3.57777
195 97176.5 3.55305
196 97776.3 3.52851
197 98374.5 3.50413
198 98957.8 3.47992
199 99536.7 3.45587
200 100172 3.43199
201 100768 3.40826
202 101335 3.3847
203 101879 3.3613
204 102433 3.33806
205 103093 3.31497
206 103732 3.29205
207 104332 3.26927
208 104893 3.24666
209 105625 3.22419
210 106303 3.20188
211 106851 3.17972
212 107400 3.15771
213 107972 3.13585
214 108523 3.11413
215 109111 3.09257
216 109729 3.07115
217 110311 3.04987
218 110818 3.02874
219 111431 3.00775
220 111993 2.98691
221 112603 2.9662
222 113206 2.94564
223 113824 2.92522
224 114370 2.90493
225 114956 2.88478
226 115502 2.86477
227 116034 2.84489
228 116632 2.82515
229 117209 2.80554
230 117869 2.78607
231 118430 2.76672
232 119074 2.74751
233 119690 2.72843
234 120258 2.70948
235 120779 2.69065
236 121404 2.67196
237 121948 2.65339
238 122499 2.63494
239 123088 2.61663
240 123709 2.59843
241 124268 2.58036
242 124808 2.56241
243 125379 2.54459
244 125930 2.52688
245 126545 2.5093
246 127057 2.49183
247 127638 2.47449
248 128241 2.45726
249 128859 2.44015
250 129441 2.42315
251 129981 2.40627
252 130638 2.38951
253 131356 2.37286
254 131948 2.35632
255 132542 2.3399
256 133121 2.32358
257 133712 2.30738
258 134359 2.29129
259 134903 2.27531
260 135573 2.25944
261 136161 2.24367
262 136822 2.22802
263 137362 2.21247
264 137903 2.19702
265 138450 2.18168
266 139022 2.16645
267 139568 2.15132
268 140153 2.13629
269 140787 2.12137
270 141439 2.10655
271 141967 2.09183
272 142501 2.07721
273 143110 2.06269
274 143698 2.04827
275 144235 2.03395
276 144832 2.01972
277 145375 2.0056
278 145948 1.99157
279 146471 1.97763
280 147061 1.96379
281 147561 1.95005
282 148092 1.9364
283 148662 1.92285
284 149213 1.90938
285 149725 1.89601
286 150297 1.88274
287 150843 1.86955
288 151501 1.85645
289 152058 1.84344
290 152732 1.83053
291 153254 1.8177
292 153911 1.80496
293 154589 1.7923
294 155107 1.77974
295 155723 1.76726
296 156283 1.75487
297 156901 1.74256
298 157408 1.73033
299 158017 1.71819
300 158607 1.70614
301 159152 1.69417
302 159840 1.68228
303 160423 1.67047
304 161024 1.65874
305 161695 1.6471
306 162261 1.63553
307 162817 1.62404
308 163373 1.61264
309 163896 1.60131
310 164431 1.59006
311 165026 1.57889
312 165584 1.56779
313 166235 1.55678
314 166827 1.54583
315 167329 1.53497
316 167897 1.52418
317 168544 1.51346
318 169211 1.50282
319 169767 1.49225
320 170336 1.48176
321 170866 1.47133
322 171457 1.46098
323 172013 1.4507
324 172567 1.4405
325 173146 1.43036
326 173659 1.42029
327 174256 1.4103
328 174824 1.40037
329 175462 1.39051
330 176026 1.38072
331 176568 1.371
332 177127 1.36134
333 177695 1.35176
334 178269 1.34224
335 178869 1.33278
336 179454 1.32339
337 180005 1.31407
338 180576 1.30481
339 181150 1.29562
340 181737 1.28648
341 182252 1.27742
342 182836 1.26841
343 183389 1.25947
344 183961 1.25059
345 184488 1.24178
346 185003 1.23302
347 185636 1.22432
348 186192 1.21569
349 186789 1.20712
350 187310 1.1986
351 187911 1.19015
352 188438 1.18175
353 188971 1.17341
354 189550 1.16513
355 190248 1.15691
356 190805 1.14875
357 191393 1.14064
358 191938 1.13259
359 192604 1.12459
360 193126 1.11665
361 193619 1.10877
362 194185 1.10094
363 194803 1.09317
364 195380 1.08545
365 195928 1.07778
366 196553 1.07017
367 197088 1.06261
368 197626 1.05511
369 198150 1.04766
370 198794 1.04025
371 199351 1.0329
372 199912 1.02561
373 200512 1.01836
374 201061 1.01116
375 201719 1.00402
376 202232 0.996922
377 202794 0.989876
378 203558 0.98288
379 204129 0.975932
380 204650 0.969033
381 205186 0.962182
382 205696 0.955379
383 206220 0.948624
384 206762 0.941917
385 207302 0.935256
386 207790 0.928642
387 208348 0.922075
388 208864 0.915553
389 209449 0.909077
390 210040 0.902647
391 210551 0.896262
392 211118 0.889921
393 211714 0.883626
394 212256 0.877374
395 212833 0.871166
396 213365 0.865002
397 213857 0.858881
398 214424 0.852803
399 214963 0.846768
400 215490 0.840775
401 216023 0.834824
402 216577 0.828915
403 217079 0.823048
404 217558 0.817222
405 218044 0.811436
406 218581 0.805692
407 219111 0.799988
408 219676 0.794324
409 220246 0.788699
410 220750 0.783115
411 221355 0.777569
412 222003 0.772063
413 222536 0.766595
414 223044 0.761166
415 223671 0.755775
416 224200 0.750422
417 224769 0.745107
418 225305 0.739829
419 225847 0.734589
420 226362 0.729385
421 227012 0.724218
422 227527 0.719087
423 228041 0.713992
424 228613 0.708933
425 229129 0.70391
426 229684 0.698922
427 230218 0.69397
428 230785 0.689052
429 231407 0.684169
430 231981 0.679321
431 232487 0.674506
432 233062 0.669726
433 233617 0.664979
434 234182 0.660266
435 234692 0.655586
436 235229 0.650938
437 235774 0.646324
438 236333 0.641742
439 236865 0.637193
440 237398 0.632676
441 237949 0.62819
442 238512 0.623736
443 239088 0.619314
444 239655 0.614923
445 240235 0.610563
446 240794 0.606233
447 241367 0.601934
448 241861 0.597666
449 242441 0.593427
450 242988 0.589219
451 243563 0.58504
452 244094 0.580891
453 244655 0.576771
454 245193 0.57268
455 245837 0.568618
456 246401 0.564585
457 246930 0.56058
458 247521 0.556604
459 248121 0.552656
460 248682 0.548735
461 249278 0.544843
462 249910 0.540977
463 250469 0.537139
464 251042 0.533329
465 251605 0.529545
466 252142 0.525788
467 252648 0.522057
468 253235 0.518353
469 253769 0.514675
470 254388 0.511023
471 254900 0.507397
472 255477 0.503796
473 255975 0.500221
474 256576 0.496671
475 257133 0.493147
476 257682 0.489647
477 258300 0.486172
478 258966 0.482722
479 259573 0.479296
480 260222 0.475894
481 260758 0.472516
482 261356 0.469162
483 262044 0.465832
484 262593 0.462526
485 263228 0.459243
486 263784 0.455983
487 264337 0.452746
488 264976 0.449532
489 265632 0.446341
490 266165 0.443172
491 266706 0.440026
492 267210 0.436903
493 267762 0.433801
494 268341 0.430721
495 268860 0.427663
496 269470 0.424627
497 270083 0.421612
498 270641 0.418618
499 271146 0.415646
500 271685 0.412695
501 272203 0.409765
502 272755 0.406855
503 273370 0.403966
504 273976 0.401098
505 274534 0.39825
506 275317 0.395422
507 275915 0.392614
508 276455 0.389826
509 277046 0.387057
510 277609 0.384309
511 278212 0.381579
512 278805 0.378869
513 279360 0.376179
514 279901 0.373507
515 280489 0.370855
516 281159 0.368221
517 281806 0.365605
518 282391 0.363009
519 283024 0.36043
520 283527 0.35787
521 284009 0.355329
522 284534 0.352805
523 285086 0.350299
524 285621 0.347811
525 286231 0.34534
526 286831 0.342887
527 287390 0.340451
528 287984 0.338033
529 288677 0.335632
530 289275 0.333248
531 289901 0.33088
532 290536 0.32853
533 291131 0.326196
534 291732 0.323879
535 292329 0.321578
536 292957 0.319293
537 293482 0.317025
538 294068 0.314773
539 294631 0.312537
540 295295 0.310316
541 295931 0.308111
542 296508 0.305922
543 297137 0.303749
544 297688 0.301591
545 298263 0.299448
546 298898 0.29732
547 299463 0.295208
548 299993 0.293111
549 300560 0.291028
550 301059 0.28896
551 301623 0.286907
552 302269 0.284868
553 303076 0.282844
554 303683 0.280834
555 304299 0.278839
556 304936 0.276858
557 305302 0.27489
558 305919 0.272937
559 306487 0.270997
560 307177 0.269072
561 307817 0.26716
562 308454 0.265261
563 309055 0.263376
564 309687 0.261505
565 310361 0.259646
566 310919 0.257801
567 311496 0.255969
568 312101 0.25415
569 312763 0.252344
570 313283 0.250551
571 313814 0.24877
572 314457 0.247002
573 315035 0.245247
574 315575 0.243504
575 316231 0.241773
576 316832 0.240055
577 317406 0.238349
578 317977 0.236655
579 318519 0.234973
580 319104 0.233303
581 319669 0.231645
582 320289 0.229998
583 320964 0.228364
584 321492 0.226741
585 322057 0.225129
586 322667 0.223529
587 323271 0.22194
588 323849 0.220363
589 324456 0.218796
590 325005 0.217241
591 325529 0.215697
592 326109 0.214164
593 326713 0.212642
594 327343 0.21113
595 327907 0.20963
596 328563 0.20814
597 329303 0.20666
598 329908 0.205191
599 330502 0.203733
600 331081 0.202285
601 331750 0.200847
602 332283 0.199419
603 332866 0.198001
604 333438 0.196594
605 334100 0.195196
606 334698 0.193809
607 335354 0.192431
608 335979 0.191063
609 336556 0.189705
610 337262 0.188357
611 337930 0.187018
612 338489 0.185688
613 339016 0.184368
614 339678 0.183058
615 340312 0.181756
616 340896 0.180464
617 341471 0.179181
618 342077 0.177908
619 342680 0.176643
620 343319 0.175387
621 343926 0.17414
622 344461 0.172902
623 344989 0.171673
624 345551 0.170453
625 346203 0.169241
626 347010 0.168038
627 347674 0.166843
628 348241 0.165657
629 348806 0.164479
630 349332 0.16331
631 349922 0.162149
632 350509 0.160996
633 351078 0.159852
634 351657 0.158715
635 352193 0.157587
636 352838 0.156466
637 353421 0.155354
638 354204 0.15425
639 354828 0.153153
640 355398 0.152064
641 355931 0.150983
642 356570 0.149909
643 357277 0.148844
644 357893 0.147785
645 358473 0.146735
646 359050 0.145691
647 359638 0.144656
648 360198 0.143627
649 360713 0.142606
650 361330 0.141592
651 362120 0.140585
652 362741 0.139586
653 363309 0.138593
654 364008 0.137608
655 364590 0.13663
656 365165 0.135658
657 365770 0.134694
658 366296 0.133736
659 366915 0.132785
660 367516 0.131841
661 368141 0.130904
662 368833 0.129973
663 369467 0.129049
664 370042 0.128131
665 370634 0.12722
666 371179 0.126316
667 371783 0.125417
668 372321 0.124526
669 372839 0.12364
670 373422 0.122761
671 373998 0.121888
672 374578 0.121022
673 375352 0.120161
674 375940 0.119307
675 376549 0.118458
676 377068 0.117616
677 377721 0.11678
678 378331 0.115949
679 378907 0.115125
680 379476 0.114306
681 380033 0.113494
682 380590 0.112687
683 381139 0.111885
684 381796 0.11109
685 382481 0.1103
686 383074 0.109516
687 383720 0.108737
688 384366 0.107964
689 384908 0.107196
690 385528 0.106434
691 386091 0.105677
692 386795 0.104925
693 387367 0.104179
694 388038 0.103439
695 388570 0.102703
696 389080 0.101973
697 389664 0.101248
698 390257 0.100528
699 390875 0.0998128
700 391517 0.0991031
701 392082 0.0983984
702 392815 0.0976987
703 393424 0.097004
704 394046 0.0963142
705 394629 0.0956293
706 395282 0.0949493
707 396006 0.0942741
708 396714 0.0936037
709 397271 0.0929381
710 397882 0.0922772
711 398527 0.0916211
712 399099 0.0909696
713 399701 0.0903227
714 400331 0.0896804
715 400928 0.0890427
716 401607 0.0884095
717 402160 0.0877808
718 402730 0.0871566
719 403310 0.0865368
720 403900 0.0859214
721 404444 0.0853104
722 405087 0.0847038
723 405695 0.0841014
724 406208 0.0835034
725 406919 0.0829096
726 407512 0.08232
727 408108 0.0817346
728 408682 0.0811534
729 409403 0.0805763
730 409988 0.0800033
731 410507 0.0794344
732 411060 0.0788695
733 411567 0.0783086
734 412169 0.0777518
735 412711 0.0771989
736 413305 0.0766499
737 413886 0.0761048
738 414464 0.0755636
739 415092 0.0750262
740 415755 0.0744927
741 416309 0.073963
742 416924 0.073437
743 417468 0.0729148
744 418068 0.0723962
745 418646 0.0718814
746 419238 0.0713702
747 419792 0.0708627
748 420272 0.0703588
749 420757 0.0698584
750 421235 0.0693616
751 421725 0.0688684
752 422281 0.0683786
753 422775 0.0678924
754 423324 0.0674095
755 423781 0.0669302
756 424342 0.0664542
757 424892 0.0659816
758 425488 0.0655124
759 426036 0.0650465
760 426540 0.0645839
761 427114 0.0641246
762 427637 0.0636686
763 428114 0.0632158
764 428634 0.0627663
765 429134 0.0623199
766 429646 0.0618767
767 430224 0.0614367
768 430765 0.0609998
769 431272 0.060566
770 431818 0.0601353
771 432405 0.0597076
772 432945 0.059283
773 433500 0.0588614
774 434014 0.0584428
775 434556 0.0580272
776 435070 0.0576145
777 435639 0.0572048
778 436284 0.056798
779 436758 0.0563941
780 437321 0.055993
781 437841 0.0555948
782 438306 0.0551994
783 438780 0.0548069
784 439313 0.0544171
785 439807 0.0540301
786 440296 0.0536459
787 440856 0.0532644
788 441372 0.0528856
789 441917 0.0525095
790 442487 0.052136
791 443036 0.0517653
792 443576 0.0513971
793 444133 0.0510316
794 444658 0.0506687
795 445273 0.0503084
796 445782 0.0499506
797 446294 0.0495953
798 446793 0.0492426
799 447332 0.0488924
800 447840 0.0485447
801 448437 0.0481995
802 449016 0.0478567
803 449503 0.0475164
804 449995 0.0471784
805 450486 0.0468429
806 450970 0.0465098
807 451441 0.046179
808 451880 0.0458506
809 452401 0.0455245
810 452920 0.0452008
811 453452 0.0448793
812 453945 0.0445602
813 454516 0.0442433
814 455006 0.0439286
815 455511 0.0436162
816 456065 0.043306
817 456554 0.042998
818 457053 0.0426922
819 457526 0.0423886
820 458029 0.0420872
821 458520 0.0417878
822 459055 0.0414907
823 459603 0.0411956
824 460121 0.0409026
825 460635 0.0406117
826 461161 0.0403229
827 461667 0.0400361
828 462171 0.0397514
829 462672 0.0394687
830 463170 0.039188
831 463759 0.0389093
832 464250 0.0386326
833 464739 0.0383578
834 465225 0.038085
835 465715 0.0378142
836 466188 0.0375453
837 466715 0.0372782
838 467270 0.0370131
839 467759 0.0367499
840 468307 0.0364885
841 468844 0.036229
842 469340 0.0359714
843 469891 0.0357155
844 470408 0.0354615
845 470902 0.0352093
846 471395 0.0349589
847 471951 0.0347103
848 472437 0.0344635
849 472958 0.0342184
850 473571 0.033975
851 474087 0.0337334
852 474577 0.0334935
853 475135 0.0332553
854 475619 0.0330188
855 476137 0.0327839
856 476718 0.0325508
857 477196 0.0323193
858 477741 0.0320894
859 478191 0.0318612
860 478740 0.0316346
861 479399 0.0314096
862 480046 0.0311863
863 480608 0.0309645
864 481157 0.0307442
865 481736 0.0305256
866 482196 0.0303085
867 482708 0.0300929
868 483240 0.0298789
869 483769 0.0296664
870 484300 0.0294554
871 484836 0.029246
872 485355 0.029038
873 485949 0.0288314
874 486508 0.0286264
875 487039 0.0284228
876 487580 0.0282207
877 488147 0.02802
878 488683 0.0278207
879 489180 0.0276228
880 489683 0.0274264
881 490228 0.0272313
882 490740 0.0270377
883 491407 0.0268454
884 491954 0.0266544
885 492456 0.0264649
886 493008 0.0262767
887 493502 0.0260898
888 494022 0.0259042
889 494582 0.02572
890 495074 0.0255371
891 495622 0.0253555
892 496207 0.0251751
893 496669 0.0249961
894 497174 0.0248183
895 497658 0.0246418
896 498221 0.0244666
897 498707 0.0242926
898 499331 0.0241198
899 499825 0.0239482
900 500302 0.0237779
901 500794 0.0236088
902 501303 0.0234409
903 501783 0.0232742
904 502352 0.0231087
905 502833 0.0229443
906 503257 0.0227811
907 503792 0.0226191
908 504272 0.0224583
909 504785 0.0222985
910 505324 0.0221399
911 505832 0.0219825
912 506344 0.0218261
913 506819 0.0216709
914 507435 0.0215168
915 507924 0.0213638
916 508404 0.0212118
917 508940 0.021061
918 509411 0.0209112
919 509922 0.0207625
920 510334 0.0206148
921 510751 0.0204682
922 511233 0.0203226
923 511682 0.0201781
924 512324 0.0200346
925 512785 0.0198921
926 513257 0.0197506
927 513740 0.0196101
928 514215 0.0194707
929 514614 0.0193322
930 515107 0.0191947
931 515635 0.0190582
932 516105 0.0189227
933 516402 0.0187881
934 516609 0.0186545
935 516819 0.0185218
936 517028 0.0183901
937 517233 0.0182593
938 517442 0.0181294
939 517650 0.0180005
940 517855 0.0178725
941 518064 0.0177453
942 518270 0.0176191
943 518482 0.0174938
944 518694 0.0173694
945 518903 0.0172459
946 519109 0.0171232
947 519315 0.0170014
948 519525 0.0168805
949 519736 0.0167605
950 519943 0.0166413
951 520148 0.0165229
952 520356 0.0164054
953 520559 0.0162887
954 520768 0.0161729
955 520972 0.0160579
956 521175 0.0159437
957 521386 0.0158303
958 521592 0.0157177
959 521802 0.0156059
960 522012 0.0154949
961 522219 0.0153847
962 522430 0.0152753
963 522647 0.0151666
964 522876 0.0150588
965 523092 0.0149517
966 523303 0.0148453
967 523516 0.0147398
968 523735 0.0146349
969 523950 0.0145308
970 524154 0.0144275
971 524361 0.0143249
972 524565 0.014223
973 524779 0.0141219
974 524989 0.0140214
975 525196 0.0139217
976 525407 0.0138227
977 525612 0.0137244
978 525822 0.0136268
979 526029 0.0135299
980 526228 0.0134336
981 526432 0.0133381
982 526639 0.0132432
983 526846 0.013149
984 527051 0.0130555
985 527262 0.0129627
986 527465 0.0128705
987 527695 0.0127789
988 528196 0.0126881
989 528682 0.0125978
990 529208 0.0125082
991 529661 0.0124193
992 530050 0.0123309
993 530508 0.0122432
994 531022 0.0121562
995 531539 0.0120697
996 531968 0.0119839
997 532491 0.0118986
998 532976 0.011814
999 533447 0.01173
