0 275.724 1096.07
1 639.618 330.375
2 1011.29 312.887
3 1314.73 296.568
4 1627.97 281.226
5 1896.36 266.771
6 2129.1 253.131
7 2429.13 240.253
8 2741.69 228.09
9 2997.2 216.6
10 3247.64 205.744
11 3512.05 195.486
12 3782.87 185.793
13 4080.98 176.633
14 4314.18 167.976
15 4628.27 159.795
16 4906.23 152.061
17 5182.06 144.752
18 5447.88 137.842
19 5693.67 131.311
20 5980.88 125.137
21 6276.5 119.301
22 6525.48 113.783
23 6832.03 108.565
24 7074.2 103.632
25 7351 98.9664
26 7605.61 94.5536
27 7923.59 90.3794
28 8202.46 86.4302
29 8501.25 82.6932
30 8774.22 79.1564
31 9045.52 75.8083
32 9292.03 72.6382
33 9545.04 69.6358
34 9795.79 66.7914
35 10081.3 64.096
36 10370.7 61.5409
37 10620.5 59.118
38 10901.7 56.8196
39 11162.3 54.6384
40 11403.3 52.5675
41 11670.5 50.6006
42 11919.9 48.7316
43 12159.7 46.9546
44 12412.7 45.2643
45 12683.2 43.6557
46 12966.8 42.1238
47 13223.9 40.6643
48 13477.1 39.2728
49 13795.4 37.9455
50 14077.1 36.6785
51 14333.5 35.4683
52 14651.1 34.3117
53 14907.1 33.2055
54 15168 32.1469
55 15421.8 31.1332
56 15656.2 30.1617
57 15894.6 29.2302
58 16118 28.3364
59 16420.1 27.4781
60 16708.9 26.6536
61 16963.1 25.8608
62 17263.9 25.0981
63 17530.7 24.364
64 17795.2 23.6568
65 18109.9 22.9753
66 18437.8 22.318
67 18702.7 21.6839
68 18967.7 21.0716
69 19233.9 20.4802
70 19477.2 19.9086
71 19743.5 19.3559
72 20049.9 18.8212
73 20304.4 18.3038
74 20642.2 17.8027
75 20979.7 17.3173
76 21223.7 16.8469
77 21475.6 16.3909
78 21776.9 15.9486
79 22065.5 15.5195
80 22347.2 15.1031
81 22609.2 14.6989
82 22893.8 14.3063
83 23189.9 13.9249
84 23426.6 13.5544
85 23714.7 13.1943
86 24000.2 12.8442
87 24303.3 12.5037
88 24539.2 12.1726
89 24837.1 11.8505
90 25137.7 11.5371
91 25362.3 11.2321
92 25614.4 10.9353
93 25872.3 10.6462
94 26147 10.3648
95 26397.2 10.0907
96 26668.9 9.82366
97 26906.4 9.56352
98 27175.3 9.31038
99 27422 9.03834
100 27649.3 8.77701
101 27933.3 8.53312
102 28222.1 8.29354
103 28509.5 8.05629
104 28777.6 7.8278
105 29096.9 7.6042
106 29352.2 7.38749
107 29641.5 7.17717
108 29899.5 6.9726
109 30187.8 6.77462
110 30431.5 6.58234
111 30712.5 6.39598
112 30976.8 6.21558
113 31243.6 6.04058
114 31554.8 5.87127
115 31872.6 5.70734
116 32110.1 5.54854
117 32393.1 5.395
118 32690 5.24632
119 32972.7 5.10238
120 33234.7 4.96315
121 33498.4 4.82829
122 33784.7 4.69768
123 34037.6 4.57128
124 34308 4.44878
125 34562.3 4.33009
126 34874.1 4.21511
127 35159.3 4.1036
128 35394.8 3.99546
129 35663 3.89062
130 35919.4 3.78886
131 36198 3.69011
132 36442.8 3.59429
133 36692.6 3.50124
134 36952.1 3.41087
135 37204.8 3.32311
136 37472.5 3.23784
137 37732 3.15496
138 37986.7 3.07442
139 38230.7 2.99613
140 38473.9 2.91995
141 38751.2 2.84586
142 39036.5 2.77379
143 39301.3 2.70361
144 39568 2.63528
145 39879.1 2.56876
146 40160.4 2.50394
147 40409.5 2.44076
148 40712.5 2.37918
149 40972.4 2.31916
150 41222.6 2.26059
151 41513.5 2.20346
152 41796 2.14772
153 42071.9 2.09331
154 42309.6 2.04019
155 42566.5 1.98832
156 42909.4 1.93767
157 43214.7 1.88819
158 43483.4 1.83984
159 43781.8 1.79262
160 44027.8 1.74648
161 44312.3 1.70139
162 44618.4 1.65732
163 44851.8 1.61427
164 45101.5 1.5722
165 45333.8 1.53108
166 45588.5 1.4909
167 45865.2 1.45166
168 46104.5 1.41332
169 46371.2 1.37587
170 46680.4 1.3393
171 46995.2 1.30362
172 47273.6 1.26879
173 47539.9 1.23482
174 47823.8 1.20171
175 48180 1.16945
176 48427.3 1.13802
177 48685 1.10743
178 48949 1.07769
179 49214.8 1.04878
180 49512 1.0207
181 49777.5 0.99347
182 50057.1 0.967081
183 50319.1 0.94154
184 50587 0.91685
185 50851.7 0.893019
186 51089.3 0.870057
187 51363.7 0.847973
188 51707.2 0.826778
189 51983.1 0.806484
190 52275.7 0.787107
191 52529 0.768663
192 52796.4 0.751167
193 53055.5 0.734638
194 53369.9 0.719096
195 53698.6 0.704561
196 53959.7 0.691052
197 54206.9 1.87704
198 54479.3 0.240098
199 54756 0.0906845
200 55022.3 0.0547081
201 55256.5 0.0351932
202 55503.2 0.0257075
203 55773 0.0206843
204 56033 0.0188613
205 56312.7 0.0167998
206 56548.1 0.01526
207 56856.9 0.0139878
208 57151.1 0.0135282
209 57400.6 0.0128468
210 57697.6 0.0122251
211 57924.7 0.0117908
212 58198 0.0111881
213 58450.7 0.0106699
214 58748.5 0.0101188
215 59067 0.00964513
216 59298.6 0.00921482
217 59562.1 0.00877325
218 59851.9 0.00837766
219 60170.2 0.00798314
220 60440.1 0.0076252
221 60703.1 0.00729989
222 60949.2 0.00698287
223 61177.9 0.00669077
224 61444.9 0.0064173
225 61701 0.006155
226 61954.7 0.0059136
227 62202.7 0.00569402
228 62437.3 0.00548828
229 62689.9 0.00529433
230 62980 0.00511448
231 63250.6 0.00494709
232 63482.2 0.00478935
233 63734.9 0.00464197
234 63976.8 0.00450569
235 64234.3 0.00437752
236 64503.3 0.00425594
237 64812.2 0.00414086
238 65107.6 0.00403095
239 65359.2 0.00392588
240 65628.3 0.00382468
241 65946.9 0.00372661
242 66220.5 0.00363169
243 66471.8 0.0035392
244 66793.2 0.00344833
245 67065.8 0.00335869
246 67303.7 0.00326981
247 67564.9 0.00318138
248 67830 0.00309323
249 68104 0.003005
250 68391.2 0.00291659
251 68648.9 0.00282784
252 68880 0.00273868
253 69128.2 0.00264918
254 69399.4 0.00255928
255 69692 0.00246897
256 69965.3 0.00237827
257 70262.8 0.00228733
258 70519.7 0.0021962
259 70789.8 0.00210512
260 71068.1 0.00201425
261 71296.4 0.00192376
262 71583.6 0.00183388
263 71874.9 0.0017448
264 72192.8 0.0016568
265 72423.1 0.00157017
266 72730.4 0.00148521
267 72987.7 0.00140221
268 73289.1 0.00132151
269 73551.7 0.00124344
270 73812.6 0.00116837
271 74062.3 0.00109662
272 74344.5 0.0010286
273 74602.3 0.000964679
274 74855.4 0.000905206
275 75154.4 0.000850516
276 75441.1 0.000800903
277 75723.5 0.000756514
278 76016.4 0.000717453
279 76307.9 0.000683658
280 76584.3 0.000654905
281 76889.9 0.00063078
282 77142 0.000610735
283 77413.4 0.000594043
284 77644.9 0.0005799
285 77896 0.000567464
286 78154.2 0.000555902
287 78444.6 0.000544445
288 78703.2 0.000532413
289 78962.3 0.000519295
290 79228.9 0.000504767
291 79455.8 0.000488751
