0 339.191 574.184
1 690.228 242.469
2 1046.23 197.842
3 1393.05 162.655
4 1690.91 134.764
5 1950.86 112.611
6 2170.46 94.9952
7 2460.59 80.9772
8 2717.97 69.8109
9 2992.37 60.9004
10 3237.68 53.7684
11 3472.67 48.0336
12 3760.18 43.3929
13 4028.01 39.6067
14 4304.39 36.4876
15 4530.61 33.8899
16 4829.84 31.7012
17 5087.22 29.8354
18 5358.67 28.2265
19 5608.51 26.8239
20 5890.79 25.589
21 6164.25 24.4917
22 6417.36 23.5088
23 6674.65 22.6219
24 6949.66 21.8167
25 7231.02 21.0813
26 7474.7 20.4065
27 7739.72 19.7845
28 7980.76 19.2088
29 8250.05 18.6742
30 8498.88 18.1761
31 8794.83 17.7107
32 9076.27 17.2745
33 9357.18 16.8649
34 9583.22 16.4793
35 9883.27 16.1155
36 10159.3 15.7716
37 10451 15.446
38 10710.5 15.1371
39 11006.8 14.8435
40 11260.8 14.5642
41 11559.8 14.2979
42 11825.2 14.0438
43 12066.6 13.801
44 12294.9 13.5686
45 12539.4 13.3459
46 12835.7 13.1324
47 13097 12.9273
48 13367.2 12.7301
49 13643.5 12.5403
50 13918.4 12.3574
51 14216.6 12.1811
52 14470.7 12.0108
53 14728.9 11.8463
54 14963.9 11.6872
55 15223.4 11.5332
56 15466 11.3839
57 15742.5 11.2392
58 16048.5 11.0987
59 16355.2 10.9622
60 16631.4 10.8296
61 16904.1 10.7005
62 17155.9 10.5748
63 17459.8 10.4524
64 17726.5 10.333
65 17967.3 10.2165
66 18227.6 10.1027
67 18498.9 9.99159
68 18816.6 9.88294
69 19143.8 9.77664
70 19405.8 9.6726
71 19662 9.5707
72 19941.2 9.47085
73 20197 9.37295
74 20486.5 9.27692
75 20773.2 9.18267
76 21051.3 9.09013
77 21325.7 8.99922
78 21577.3 8.90987
79 21846.2 8.82203
80 22120.7 8.73563
81 22380.1 8.65062
82 22641.6 8.56693
83 22952.1 8.48453
84 23201.9 8.40337
85 23468.9 8.3234
86 23728.6 8.24457
87 23985.2 8.16686
88 24271 8.09022
89 24534.3 8.01461
90 24786 7.94001
91 25088.3 7.86638
92 25397.4 7.7937
93 25729.9 7.72193
94 25991.9 7.65105
95 26229.9 7.58103
96 26486.9 7.51186
97 26742.5 7.4435
98 27035.3 7.37594
99 27327 7.30915
100 27600.1 7.24313
101 27857.9 7.17784
102 28096.7 7.11327
103 28363.3 7.04941
104 28624.6 6.98624
105 28875.7 6.92375
106 29182.9 6.86191
107 29438.9 6.80072
108 29714.2 6.74017
109 29977.3 6.68024
110 30215.2 6.62091
111 30469.2 6.56218
112 30725.2 6.50404
113 30971.9 6.44648
114 31201 6.38948
115 31475.4 6.33304
116 31738 6.27715
117 31961.7 6.22179
118 32200 6.16697
119 32497.6 6.11266
120 32779.3 6.05887
121 33043.6 6.00559
122 33316.6 5.9528
123 33553.5 5.9005
124 33816.1 5.84869
125 34113.9 5.79735
126 34346.4 5.74648
127 34634.1 5.69608
128 34918 5.64614
129 35191.2 5.59664
130 35471.8 5.5476
131 35732.9 5.49899
132 35980.3 5.45082
133 36216.4 5.40308
134 36454.8 5.35576
135 36745.2 5.30887
136 36981.9 5.26238
137 37215.4 5.21631
138 37468.2 5.17065
139 37767.1 5.12538
140 38067.1 5.08051
141 38357.9 5.03603
142 38631.1 4.99194
143 38910.1 4.94824
144 39158.8 4.90491
145 39481 4.86196
146 39763.1 4.81938
147 40002.9 4.77716
148 40346.5 4.73532
149 40577.9 4.69383
150 40838 4.6527
151 41088.2 4.61192
152 41332.5 4.57149
153 41634.2 4.53141
154 41923.7 4.49167
155 42195.8 4.45228
156 42452.4 4.41321
157 42741.5 4.37449
158 43024.1 4.33609
159 43274.7 4.29802
160 43586.5 4.26027
161 43882.9 4.22285
162 44114.1 4.18574
163 44369.4 4.14895
164 44606.8 4.11248
165 44839 4.07631
166 45087.1 4.04045
167 45382.4 4.00489
168 45641 3.96964
169 45959.6 3.93469
170 46223 3.90003
171 46469.7 3.86567
172 46713.2 3.83159
173 47020.9 3.79781
174 47281.3 3.76431
175 47588 3.7311
176 47887.8 3.69817
177 48123.8 3.66552
178 48373.3 3.63315
179 48615.2 3.60105
180 48898.9 3.56922
181 49161.9 3.53766
182 49419.6 3.50637
183 49717.4 3.47535
184 49993.1 3.44459
185 50292.7 3.41409
186 50523 3.38385
187 50791.9 3.35387
188 51057 3.32414
189 51343.6 3.29466
190 51594.1 3.26544
191 51852.2 3.23646
192 52106.5 3.20773
193 52378.7 3.17925
194 52650.9 3.15101
195 52941 3.12301
196 53204.9 3.09525
197 53496.9 3.06772
198 53771.8 3.04043
199 54070 3.01337
200 54314.1 2.98655
201 54546 2.95995
202 54811.2 2.93358
203 55087.6 2.90744
204 55360.5 2.88152
205 55639.1 2.85582
206 55905.7 2.83034
207 56162.8 2.80508
208 56388.6 2.78004
209 56636 2.75521
210 56910.8 2.7306
211 57152.2 2.7062
212 57446.9 2.682
213 57762.5 2.65802
214 58067.4 2.63424
215 58304.8 2.61067
216 58602.7 2.5873
217 58889.5 2.56413
218 59163.6 2.54116
219 59488 2.51839
220 59736.3 2.49581
221 60019.3 2.47344
222 60306.9 2.45125
223 60555.9 2.42926
224 60893.3 2.40746
225 61132.3 2.38584
226 61410.9 2.36442
227 61644.4 2.34318
228 61878.7 2.32212
229 62162.1 2.30125
230 62425.1 2.28056
231 62718.6 2.26005
232 62994.9 2.23971
233 63229.6 2.21956
234 63489.4 2.19958
235 63744.4 2.17977
236 64007.4 2.16014
237 64232 2.14068
238 64491.2 2.12138
239 64824.6 2.10226
240 65041 2.08331
241 65382 2.06452
242 65644.5 2.04589
243 65862.4 2.02743
244 66127.2 2.00913
245 66435.7 1.99099
246 66694.4 1.97301
247 66979.9 1.95518
248 67209.9 1.93752
249 67524.9 1.92
250 67826 1.90265
251 68063.7 1.88544
252 68324.3 1.86839
253 68631.8 1.85149
254 68926.2 1.83473
255 69170.9 1.81813
256 69450.4 1.80167
257 69721.7 1.78535
258 70025.4 1.76918
259 70320.3 1.75316
260 70609.3 1.73727
261 70900.1 1.72152
262 71142.4 1.70592
263 71428.7 1.69045
264 71698.6 1.67512
265 71936.9 1.65993
266 72200.5 1.64487
267 72451.6 1.62994
268 72686.5 1.61515
269 72944.9 1.60048
270 73186.6 1.58595
271 73487.2 1.57155
272 73753.6 1.55727
273 74064.5 1.54312
274 74406.4 1.5291
275 74703.8 1.5152
276 74978.5 1.50143
277 75242.1 1.48778
278 75500.6 1.47425
279 75793.3 1.46084
280 76049.7 1.44755
281 76274.5 1.43438
282 76546 1.42133
283 76815 1.40839
284 77090.3 1.39557
285 77394.3 1.38287
286 77773.8 1.37028
287 78058 1.3578
288 78304.1 1.34543
289 78575.9 1.33317
290 78860.1 1.32103
291 79154.2 1.30899
292 79426.1 1.29706
293 79669.3 1.28523
294 79918.2 1.27352
295 80145.4 1.2619
296 80409.7 1.2504
297 80688.4 1.23899
298 80942 1.22769
299 81193.3 1.21649
300 81434.3 1.20539
301 81654.6 1.19439
302 81928.9 1.18349
303 82205 1.17269
304 82445 1.16198
305 82703.7 1.15137
306 83028.7 1.14086
307 83284.1 1.13044
308 83566.5 1.12011
309 83826.4 1.10988
310 84054.4 1.09974
311 84316.2 1.08969
312 84577.4 1.07974
313 84826.6 1.06987
314 85098.5 1.06009
315 85320.8 1.0504
316 85553.6 1.0408
317 85789.3 1.03128
318 86053 1.02185
319 86310.1 1.0125
320 86603.3 1.00324
321 86888.3 0.994068
322 87128.6 0.984974
323 87393.2 0.975963
324 87656.4 0.967033
325 87901.2 0.958185
326 88158.2 0.949416
327 88431.8 0.940727
328 88700.6 0.932116
329 88981.7 0.923584
330 89224.8 0.915129
331 89513.7 0.90675
332 89779.1 0.898448
333 90042.8 0.890221
334 90293 0.882068
335 90578.5 0.87399
336 90802.1 0.865984
337 91084.5 0.858052
338 91366.3 0.850191
339 91621.9 0.842402
340 91933.3 0.834684
341 92223.3 0.827036
342 92685.1 0.819457
343 93194.5 0.811947
344 93727.5 0.804506
345 94254.4 0.797132
346 94754.5 0.789825
347 95299.6 0.782585
348 95831.3 0.77541
349 96349.5 0.768301
350 96837.9 0.761256
351 97364.3 0.754276
352 97926.6 0.747359
353 98430.4 0.740505
354 98953.6 0.733714
355 99458.4 0.726984
356 99950.7 0.720316
357 100446 0.713708
358 100969 0.707161
359 101452 0.700673
360 101982 0.694245
361 102461 0.687875
362 102936 0.681563
363 103422 0.675309
364 103905 0.669112
365 104382 0.662971
366 104870 0.656886
367 105355 0.650857
368 105837 0.644883
369 106310 0.638963
370 106817 0.633098
371 107365 0.627286
372 107865 0.621527
373 108338 0.615821
374 108815 0.610166
375 109293 0.604564
376 109819 0.599012
377 110307 0.593512
378 110810 0.588061
379 111290 0.582661
380 111771 0.57731
381 112264 0.572007
382 112765 0.566753
383 113299 0.561548
384 113786 0.556389
385 114256 0.551278
386 114740 0.546214
387 115240 0.541196
388 115751 0.536224
389 116233 0.531297
390 116709 0.526416
391 117214 0.521579
392 117685 0.516786
393 118172 0.512038
394 118667 0.507332
395 119178 0.50267
396 119664 0.498051
397 120141 0.493473
398 120619 0.488938
399 121104 0.484444
400 121613 0.479992
401 122100 0.47558
402 122575 0.471208
403 123103 0.466877
404 123581 0.462585
405 124078 0.458333
406 124568 0.454119
407 125043 0.449945
408 125552 0.445808
409 126030 0.441709
410 126515 0.437648
411 126999 0.433624
412 127486 0.429637
413 127967 0.425687
414 128437 0.421773
415 128936 0.417894
416 129419 0.414052
417 129898 0.410244
418 130388 0.406471
419 130919 0.402733
420 131395 0.39903
421 131902 0.39536
422 132392 0.391724
423 132879 0.388121
424 133365 0.384551
425 133881 0.381014
426 134360 0.37751
427 134844 0.374037
428 135360 0.370597
429 135844 0.367188
430 136370 0.36381
431 136879 0.360464
432 137359 0.357148
433 137886 0.353862
434 138365 0.350607
435 138865 0.347382
436 139359 0.344186
437 139836 0.341019
438 140323 0.337882
439 140791 0.334773
440 141327 0.331693
441 141851 0.328641
442 142348 0.325618
443 142867 0.322622
444 143368 0.319653
445 143883 0.316712
446 144375 0.313798
447 144914 0.31091
448 145454 0.308049
449 145975 0.305215
450 146456 0.302406
451 146941 0.299623
452 147433 0.296866
453 147966 0.294134
454 148466 0.291427
455 148977 0.288745
456 149480 0.286088
457 149962 0.283455
458 150435 0.280846
459 150936 0.278262
460 151418 0.275701
461 152001 0.273163
462 152473 0.270649
463 152968 0.268158
464 153448 0.26569
465 153953 0.263245
466 154438 0.260822
467 154944 0.258421
468 155447 0.256042
469 155942 0.253685
470 156506 0.25135
471 156994 0.249037
472 157477 0.246744
473 157978 0.244473
474 158462 0.242223
475 159032 0.239993
476 159547 0.237784
477 160109 0.235595
478 160608 0.233426
479 161142 0.231277
480 161619 0.229148
481 162150 0.227039
482 162673 0.224949
483 163184 0.222878
484 163675 0.220826
485 164191 0.218793
486 164699 0.216779
487 165178 0.214783
488 165675 0.212806
489 166165 0.210846
490 166660 0.208905
491 167199 0.206982
492 167728 0.205076
493 168233 0.203188
494 168747 0.201318
495 169252 0.199464
496 169827 0.197628
497 170318 0.195808
498 170828 0.194005
499 171372 0.192219
500 171874 0.190449
501 172424 0.188695
502 172949 0.186958
503 173456 0.185237
504 173945 0.183531
505 174420 0.181841
506 174933 0.180167
507 175414 0.178508
508 175894 0.176864
509 176378 0.175236
510 176868 0.173622
511 177480 0.172023
512 177955 0.170439
513 178428 0.16887
514 178918 0.167315
515 179475 0.165774
516 179974 0.164248
517 180462 0.162735
518 180952 0.161237
519 181444 0.159752
520 181954 0.158281
521 182443 0.156823
522 183058 0.155379
523 183658 0.153948
524 184144 0.152531
525 184680 0.151126
526 185207 0.149734
527 185722 0.148355
528 186204 0.146989
529 186684 0.145636
530 187182 0.144294
531 187669 0.142966
532 188185 0.141649
533 188720 0.140344
534 189244 0.139052
535 189737 0.137771
536 190250 0.136503
537 190821 0.135246
538 191333 0.134
539 191850 0.132766
540 192359 0.131543
541 192860 0.130332
542 193362 0.129131
543 193869 0.127942
544 194365 0.126764
545 194871 0.125596
546 195351 0.12444
547 195884 0.123294
548 196387 0.122158
549 196894 0.121033
550 197385 0.119918
551 197880 0.118814
552 198353 0.11772
553 198830 0.116635
554 199314 0.115561
555 199926 0.114497
556 200445 0.113442
557 200944 0.112398
558 201418 0.111362
559 201899 0.110337
560 202416 0.109321
561 202901 0.108314
562 203450 0.107316
563 203931 0.106328
564 204417 0.105348
565 204912 0.104378
566 205420 0.103417
567 205897 0.102464
568 206498 0.10152
569 206983 0.100585
570 207478 0.0996589
571 207969 0.098741
572 208520 0.0978316
573 209009 0.0969305
574 209597 0.0960377
575 210085 0.0951531
576 210586 0.0942767
577 211099 0.0934084
578 211615 0.092548
579 212096 0.0916956
580 212567 0.090851
581 213051 0.0900142
582 213605 0.0891851
583 214116 0.0883636
584 214598 0.0875497
585 215213 0.0867433
586 215695 0.0859443
587 216249 0.0851527
588 216719 0.0843684
589 217206 0.0835913
590 217737 0.0828213
591 218249 0.0820585
592 218741 0.0813026
593 219220 0.0805537
594 219702 0.0798118
595 220231 0.0790766
596 220788 0.0783482
597 221267 0.0776266
598 221769 0.0769115
599 222396 0.0762031
600 222948 0.0755012
601 223540 0.0748057
602 224038 0.0741167
603 224515 0.073434
604 225012 0.0727576
605 225486 0.0720874
606 225979 0.0714234
607 226463 0.0707655
608 226970 0.0701136
609 227503 0.0694678
610 228020 0.0688279
611 228526 0.0681939
612 229025 0.0675658
613 229510 0.0669434
614 230020 0.0663268
615 230514 0.0657158
616 230985 0.0651105
617 231470 0.0645107
618 231951 0.0639165
619 232459 0.0633277
620 232952 0.0627444
621 233446 0.0621664
622 233957 0.0615938
623 234513 0.0610264
624 235014 0.0604643
625 235486 0.0599073
626 235991 0.0593555
627 236480 0.0588087
628 236962 0.058267
629 237442 0.0577303
630 237954 0.0571985
631 238508 0.0566716
632 239001 0.0561496
633 239484 0.0556324
634 239967 0.0551199
635 240608 0.0546122
636 241241 0.0541091
637 241715 0.0536107
638 242200 0.0531168
639 242682 0.0526276
640 243255 0.0521428
641 243762 0.0516624
642 244259 0.0511866
643 244740 0.050715
644 245244 0.0502479
645 245721 0.049785
646 246216 0.0493264
647 246697 0.048872
648 247187 0.0484218
649 247718 0.0479758
650 248197 0.0475338
651 248717 0.047096
652 249221 0.0466621
653 249738 0.0462323
654 250259 0.0458064
655 250734 0.0453845
656 251207 0.0449664
657 251725 0.0445522
658 252215 0.0441418
659 252698 0.0437352
660 253200 0.0433323
661 253743 0.0429331
662 254291 0.0425376
663 254822 0.0421458
664 255358 0.0417575
665 256021 0.0413729
666 256516 0.0409918
667 257044 0.0406141
668 257600 0.04024
669 258148 0.0398693
670 258661 0.0395021
671 259160 0.0391382
672 259771 0.0387776
673 260479 0.0384204
674 261156 0.0380665
675 261684 0.0377158
676 262269 0.0373684
677 262754 0.0370242
678 263301 0.0366831
679 263910 0.0363452
680 264497 0.0360104
681 265011 0.0356787
682 265645 0.03535
683 266213 0.0350244
684 266776 0.0347017
685 267255 0.034382
686 267805 0.0340653
687 268298 0.0337515
688 268769 0.0334406
689 269267 0.0331325
690 269759 0.0328273
691 270308 0.0325249
692 270828 0.0322253
693 271403 0.0319285
694 271928 0.0316343
695 272444 0.0313429
696 272928 0.0310542
697 273433 0.0307681
698 273964 0.0304847
699 274510 0.0302039
700 275001 0.0299256
701 275494 0.0296499
702 276018 0.0293768
703 276548 0.0291062
704 277040 0.0288381
705 277629 0.0285724
706 278135 0.0283092
707 278643 0.0280484
708 279214 0.02779
709 279750 0.027534
710 280233 0.0272804
711 280724 0.0270291
712 281211 0.0267801
713 281706 0.0265334
714 282200 0.026289
715 282689 0.0260468
716 283197 0.0258068
717 283715 0.0255691
718 284214 0.0253336
719 284784 0.0251002
720 285300 0.024869
721 285788 0.0246399
722 286267 0.0244129
723 286746 0.024188
724 287221 0.0239652
725 287719 0.0237444
726 288223 0.0235257
727 288701 0.023309
728 289171 0.0230942
729 289651 0.0228815
730 290166 0.0226707
731 290666 0.0224619
732 291151 0.0222549
733 291625 0.0220499
734 292108 0.0218468
735 292609 0.0216455
736 293131 0.0214461
737 293605 0.0212486
738 294082 0.0210528
739 294565 0.0208589
740 295034 0.0206667
741 295520 0.0204764
742 296000 0.0202877
743 296482 0.0201008
744 296985 0.0199157
745 297510 0.0197322
746 297994 0.0195504
747 298490 0.0193703
748 299000 0.0191919
749 299474 0.0190151
750 299973 0.0188399
751 300481 0.0186664
752 300963 0.0184944
753 301441 0.018324
754 301923 0.0181552
755 302402 0.017988
756 302946 0.0178223
757 303450 0.0176581
758 303981 0.0174954
759 304474 0.0173343
760 304960 0.0171746
761 305453 0.0170164
762 305988 0.0168596
763 306466 0.0167043
764 307001 0.0165504
765 307481 0.0163979
766 308003 0.0162469
767 308481 0.0160972
768 308980 0.0159489
769 309462 0.015802
770 309961 0.0156564
771 310446 0.0155122
772 310927 0.0153693
773 311423 0.0152277
774 311912 0.0150874
775 312392 0.0149484
776 312878 0.0148107
777 313368 0.0146743
778 313861 0.0145391
779 314411 0.0144052
780 314894 0.0142725
781 315420 0.014141
782 315940 0.0140107
783 316430 0.0138817
784 317011 0.0137538
785 317524 0.0136271
786 318014 0.0135015
787 318497 0.0133772
788 319083 0.0132539
789 319581 0.0131318
790 320119 0.0130109
791 320638 0.012891
792 321208 0.0127723
793 321806 0.0126546
794 322360 0.012538
795 322924 0.0124225
796 323497 0.0123081
797 323990 0.0121947
798 324549 0.0120824
799 325100 0.011971
800 325601 0.0118608
801 326146 0.0117515
802 326688 0.0116432
803 327247 0.011536
804 327802 0.0114297
805 328322 0.0113244
806 328918 0.0112201
807 329437 0.0111167
808 329978 0.0110143
809 330511 0.0109129
810 331062 0.0108123
811 331553 0.0107127
812 332052 0.010614
813 332572 0.0105163
814 333145 0.0104194
815 333638 0.0103234
816 334141 0.0102283
817 334702 0.0101341
818 335217 0.0100407
819 335746 0.00994822
820 336289 0.00985657
821 336887 0.00976577
822 337480 0.00967581
823 338038 0.00958667
824 338660 0.00949836
825 339159 0.00941086
826 339651 0.00932416
827 340220 0.00923827
828 340824 0.00915316
829 341393 0.00906884
830 341908 0.0089853
831 342459 0.00890252
832 343026 0.00882051
833 343581 0.00873926
834 344090 0.00865875
835 344634 0.00857898
836 345158 0.00849995
837 345655 0.00842165
838 346140 0.00834407
839 346683 0.0082672
840 347222 0.00819104
841 347708 0.00811558
842 348300 0.00804082
843 348837 0.00796675
844 349378 0.00789336
845 349987 0.00782064
846 350522 0.00774859
847 350999 0.00767721
848 351541 0.00760649
849 352038 0.00753642
850 352633 0.00746699
851 353147 0.0073982
852 353596 0.00733005
853 354157 0.00726252
854 354619 0.00719562
855 355101 0.00712933
856 355571 0.00706365
857 356103 0.00699858
858 356694 0.00693411
859 357163 0.00687023
860 357705 0.00680694
861 358225 0.00674423
862 358780 0.00668211
863 359331 0.00662055
864 359810 0.00655956
865 360285 0.00649913
866 360752 0.00643926
867 361208 0.00637994
868 361707 0.00632117
869 362250 0.00626293
870 362814 0.00620524
871 363343 0.00614808
872 363858 0.00609144
873 364431 0.00603532
874 364907 0.00597972
875 365432 0.00592464
876 365965 0.00587006
877 366451 0.00581598
878 367003 0.0057624
879 367502 0.00570932
880 368078 0.00565672
881 368471 0.00560461
882 368985 0.00555298
883 369530 0.00550183
884 370031 0.00545114
885 370525 0.00540093
886 371086 0.00535117
887 371546 0.00530188
888 372098 0.00525303
889 372586 0.00520464
890 373110 0.00515669
891 373590 0.00510919
892 374089 0.00506212
893 374704 0.00501549
894 375238 0.00496929
895 375696 0.00492351
896 376189 0.00487815
897 376669 0.00483321
898 377140 0.00478869
899 377603 0.00474457
900 378085 0.00470087
901 378624 0.00465756
902 379144 0.00461465
903 379673 0.00457214
904 380142 0.00453002
905 380622 0.00448829
906 381126 0.00444694
907 381577 0.00440598
908 382031 0.00436539
909 382482 0.00432517
910 382988 0.00428533
911 383550 0.00424585
912 383963 0.00420674
913 384492 0.00416799
914 385084 0.00412959
915 385595 0.00409155
916 386123 0.00405385
917 386598 0.00401651
918 387060 0.00397951
919 387544 0.00394285
920 388056 0.00390653
921 388604 0.00387054
922 389078 0.00383488
923 389573 0.00379955
924 390053 0.00376455
925 390516 0.00372987
926 390985 0.00369551
927 391488 0.00366147
928 391942 0.00362774
929 392410 0.00359432
930 392953 0.00356121
931 393418 0.0035284
932 393893 0.0034959
933 394426 0.00346369
934 394889 0.00343178
935 395397 0.00340017
936 395891 0.00336884
937 396384 0.00333781
938 396900 0.00330706
939 397370 0.0032766
940 397854 0.00324641
941 398355 0.0032165
942 398860 0.00318687
943 399352 0.00315752
944 399864 0.00312843
945 400322 0.00309961
946 400821 0.00307105
947 401305 0.00304276
948 401896 0.00301473
949 402510 0.00298696
950 402969 0.00295944
951 403500 0.00293218
952 403961 0.00290517
953 404447 0.0028784
954 404912 0.00285189
955 405473 0.00282562
956 405988 0.00279959
957 406474 0.0027738
958 407002 0.00274824
959 407522 0.00272292
960 407984 0.00269784
961 408418 0.00267299
962 408893 0.00264836
963 409378 0.00262397
964 409935 0.00259979
965 410416 0.00257584
966 410929 0.00255211
967 411426 0.0025286
968 411882 0.00250531
969 412344 0.00248223
970 412704 0.00245936
971 413189 0.00243671
972 413879 0.00241426
973 414387 0.00239202
974 414860 0.00236998
975 415334 0.00234815
976 415860 0.00232652
977 416362 0.00230509
978 416859 0.00228385
979 417323 0.00226281
980 417821 0.00224197
981 418330 0.00222131
982 418768 0.00220085
983 419261 0.00218057
984 419744 0.00216049
985 420217 0.00214058
986 420669 0.00212086
987 421136 0.00210133
988 421652 0.00208197
989 422193 0.00206279
990 422743 0.00204379
991 423240 0.00202496
992 423694 0.0020063
993 424303 0.00198782
994 424783 0.00196951
995 425313 0.00195137
996 425822 0.00193339
997 426349 0.00191558
998 426851 0.00189793
999 427362 0.00188045
