0 326.151 423.651
1 671 187.594
2 1000.17 135.285
3 1362.17 101.681
4 1633.29 79.6592
5 1947.2 64.947
6 2197.59 54.857
7 2441.54 47.6983
8 2695.17 42.4216
9 2992.53 38.3814
10 3271.14 35.1802
11 3516.18 32.5694
12 3756.29 30.3895
13 3983.42 28.5346
14 4257.76 26.9322
15 4474.06 25.5304
16 4735.91 24.2915
17 5015.79 23.1868
18 5267.1 22.1944
19 5553.79 21.297
20 5812.56 20.4809
21 6081.26 19.7349
22 6332.96 19.0498
23 6581.27 18.4182
24 6863.44 17.8337
25 7104.46 17.291
26 7424.36 16.7854
27 7694.46 16.3132
28 7940.82 15.871
29 8210.54 15.4559
30 8445.85 15.0654
31 8707.16 14.6972
32 8972 14.3494
33 9261.37 14.0204
34 9504.08 13.7084
35 9778.43 13.4123
36 10017.4 13.1307
37 10287.4 12.8627
38 10538.5 12.6071
39 10812.8 12.3631
40 11061.4 12.13
41 11353.3 11.907
42 11634 11.6934
43 11935.8 11.4886
44 12212.1 11.2921
45 12441.3 11.1034
46 12717.7 10.922
47 12957.8 10.7474
48 13180.5 10.5794
49 13459.3 10.4175
50 13723.8 10.2614
51 13953.4 10.1108
52 14197.3 9.9654
53 14461.3 9.82494
54 14724.9 9.68916
55 14966.1 9.55784
56 15297.5 9.43077
57 15576.2 9.30774
58 15882.3 9.18856
59 16129.9 9.07305
60 16361.6 8.96105
61 16619.3 8.85241
62 16917.5 8.74697
63 17155.8 8.6446
64 17446.4 8.54517
65 17711.5 8.44855
66 17986.2 8.35462
67 18260.2 8.26328
68 18523.1 8.17443
69 18797.9 8.08795
70 19152.4 8.00377
71 19418.2 7.92178
72 19664.7 7.84191
73 19908.1 7.76407
74 20136 7.68819
75 20405.8 7.61418
76 20637.6 7.54199
77 20913.5 7.47155
78 21176.8 7.40278
79 21475.7 7.33563
80 21790.7 7.27004
81 22029.5 7.20596
82 22264.9 7.14333
83 22532.1 7.0821
84 22786 7.02221
85 23063.5 6.96363
86 23371.5 6.90631
87 23661.4 6.8502
88 23931.8 6.79526
89 24196.1 6.74145
90 24523.2 6.68874
91 24829.8 6.63708
92 25072 6.58644
93 25330 6.53678
94 25608.7 6.48808
95 25873.8 6.4403
96 26136.9 6.39341
97 26423.6 6.34738
98 26708.4 6.30218
99 26994.3 6.25779
100 27232.9 6.21418
101 27519.4 6.17132
102 27779.5 6.12919
103 28061.5 6.08776
104 28332.7 6.04702
105 28572.4 6.00694
106 28871.9 5.9675
107 29134.6 5.92869
108 29417.7 5.89047
109 29790.2 5.85283
110 30058.7 5.81576
111 30343.2 5.77924
112 30597.3 5.74325
113 30892.1 5.70777
114 31151.9 5.67279
115 31422.9 5.63829
116 31699.4 5.60427
117 31951.9 5.57069
118 32197 5.53756
119 32447.9 5.50486
120 32741.8 5.47258
121 32976.9 5.44069
122 33248.7 5.40921
123 33527.4 5.3781
124 33811 5.34736
125 34054.7 5.31699
126 34313.2 5.28696
127 34621.8 5.25728
128 34875.9 5.22792
129 35132.2 5.19889
130 35417.5 5.17017
131 35695.7 5.14176
132 35962.3 5.11365
133 36216.2 5.08582
134 36539.4 5.05828
135 36860.7 5.03101
136 37142 5.00401
137 37368.4 4.97727
138 37667 4.95079
139 37907.6 4.92456
140 38165.2 4.89856
141 38463.8 4.87281
142 38731 4.84729
143 38994.7 4.82199
144 39247.9 4.79691
145 39514.4 4.77205
146 39780.9 4.7474
147 40040.8 4.72295
148 40290.2 4.69871
149 40585.8 4.67467
150 40880.2 4.65081
151 41138.6 4.62715
152 41391.6 4.60367
153 41722.8 4.58037
154 41978.2 4.55725
155 42281 4.53431
156 42569.2 4.51153
157 42862.8 4.48893
158 43103.3 4.46648
159 43373.9 4.4442
160 43640.8 4.42208
161 43901 4.40011
162 44228.7 4.37829
163 44483.9 4.35663
164 44725.1 4.33511
165 44982.8 4.31373
166 45294.9 4.2925
167 45561.8 4.27141
168 45822.5 4.25046
169 46140.7 4.22964
170 46438.6 4.20896
171 46663.7 4.1884
172 46910 4.16798
173 47182 4.14768
174 47436.2 4.12751
175 47722.2 4.10747
176 47974.3 4.08754
177 48256.3 4.06774
178 48609.6 4.04805
179 48869.7 4.02848
180 49134.9 4.00903
181 49366 3.98969
182 49639.1 3.97047
183 49900 3.95135
184 50154.3 3.93235
185 50392.9 3.91345
186 50655.3 3.89466
187 50898.7 3.87598
188 51163 3.8574
189 51390.7 3.83893
190 51659.2 3.82055
191 51926.9 3.80228
192 52189.4 3.78411
193 52446 3.76604
194 52727.3 3.74806
195 52982.4 3.73019
196 53266.1 3.71241
197 53520.4 3.69472
198 53797.4 3.67713
199 54089.6 3.65963
200 54393.1 3.64223
201 54628.1 3.62491
202 54891.4 3.60769
203 55167.6 3.59056
204 55412.6 3.57351
205 55746.1 3.55656
206 56014.1 3.53969
207 56291.8 3.52291
208 56577.4 3.50621
209 56836.2 3.4896
210 57093.9 3.47307
211 57391.6 3.45663
212 57646.6 3.44027
213 57942.7 3.424
214 58188.6 3.4078
215 58435.2 3.39169
216 58690.7 3.37566
217 58973.5 3.35971
218 59226 3.34384
219 59527.2 3.32804
220 59772 3.31233
221 59995.2 3.29669
222 60276.2 3.28113
223 60535.1 3.26565
224 60804.2 3.25024
225 61128.3 3.23491
226 61369.2 3.21966
227 61639.1 3.20448
228 61926.5 3.18937
229 62198.5 3.17434
230 62507.9 3.15938
231 62772.5 3.14449
232 63054 3.12968
233 63343.7 3.11493
234 63636.5 3.10026
235 63992.8 3.08566
236 64221.9 3.07113
237 64502.2 3.05667
238 64791.4 3.04228
239 65048.8 3.02796
240 65310.7 3.01371
241 65532.3 2.99953
242 65812.7 2.98541
243 66099.9 2.97136
244 66361.2 2.95738
245 66619.6 2.94347
246 66869.3 2.92962
247 67106.2 2.91584
248 67382.4 2.90212
249 67646 2.88847
250 67915.6 2.87488
251 68204.1 2.86136
252 68505 2.84791
253 68784.8 2.83451
254 69078.9 2.82118
255 69360.7 2.80792
256 69590.6 2.79471
257 69846.2 2.78157
258 70077.8 2.7685
259 70357.4 2.75548
260 70597.3 2.74252
261 70923.9 2.72963
262 71189.4 2.7168
263 71462.9 2.70402
264 71767.3 2.69131
265 72052 2.67866
266 72337.6 2.66607
267 72629.7 2.65353
268 72882 2.64106
269 73190.5 2.62864
270 73430.7 2.61628
271 73688.2 2.60398
272 73925.6 2.59174
273 74193.7 2.57956
274 74427.8 2.56743
275 74740.3 2.55536
276 75067.4 2.54335
277 75328.3 2.53139
278 75593.9 2.51949
279 75885.4 2.50764
280 76147.4 2.49586
281 76434.5 2.48412
282 76728.1 2.47244
283 76980.6 2.46082
284 77203.1 2.44925
285 77478.2 2.43773
286 77812.3 2.42627
287 78075.9 2.41486
288 78332.7 2.4035
289 78588.7 2.3922
290 78864.7 2.38095
291 79089.4 2.36976
292 79356 2.35861
293 79647.4 2.34752
294 79920.1 2.33648
295 80157.1 2.32549
296 80386.3 2.31455
297 80634.1 2.30367
298 80939.4 2.29283
299 81200.1 2.28205
300 81469.4 2.27131
301 81726.7 2.26063
302 81950.6 2.24999
303 82179.8 2.23941
304 82432.6 2.22887
305 82702.2 2.21839
306 82921.1 2.20795
307 83162.3 2.19756
308 83390.5 2.18722
309 83631.5 2.17693
310 83871.2 2.16668
311 84120.1 2.15649
312 84386 2.14634
313 84613.4 2.13624
314 84863.3 2.12619
315 85093.9 2.11618
316 85312.8 2.10622
317 85585.5 2.0963
318 85820.3 2.08644
319 86059.6 2.07661
320 86352.9 2.06684
321 86619.9 2.05711
322 86846.5 2.04742
323 87100.1 2.03778
324 87406.6 2.02819
325 87704.2 2.01864
326 87951.2 2.00913
327 88186.7 1.99967
328 88477.8 1.99025
329 88767.3 1.98088
330 89006.9 1.97155
331 89262 1.96227
332 89522.9 1.95302
333 89754.3 1.94382
334 90052.7 1.93467
335 90280.7 1.92555
336 90526.4 1.91648
337 90752.3 1.90745
338 91062.1 1.89846
339 91304.7 1.88952
340 91574.3 1.88062
341 91831.9 1.87175
342 92075.1 1.86293
343 92290.1 1.85415
344 92839.7 1.84542
345 93466 1.83672
346 94106.7 1.82806
347 94680.7 1.81944
348 95300.5 1.81087
349 95955.9 1.80233
350 96562.9 1.79383
351 97184 1.78538
352 97833.4 1.77696
353 98443.1 1.76858
354 98987.3 1.76024
355 99540.5 1.75194
356 100081 1.74368
357 100724 1.73546
358 101360 1.72727
359 102070 1.71913
360 102666 1.71102
361 103259 1.70295
362 103852 1.69491
363 104512 1.68692
364 105071 1.67896
365 105697 1.67104
366 106269 1.66316
367 106987 1.65531
368 107625 1.6475
369 108145 1.63972
370 108689 1.63199
371 109250 1.62429
372 109745 1.61662
373 110327 1.60899
374 110849 1.6014
375 111371 1.59384
376 111988 1.58631
377 112521 1.57883
378 113089 1.57137
379 113629 1.56396
380 114322 1.55657
381 114870 1.54922
382 115463 1.54191
383 116086 1.53463
384 116663 1.52738
385 117239 1.52017
386 117800 1.51299
387 118433 1.50584
388 118981 1.49873
389 119468 1.49165
390 120041 1.48461
391 120533 1.4776
392 121104 1.47062
393 121674 1.46367
394 122236 1.45675
395 122816 1.44987
396 123422 1.44302
397 124010 1.4362
398 124597 1.42942
399 125138 1.42266
400 125709 1.41594
401 126208 1.40925
402 126717 1.40259
403 127279 1.39596
404 127821 1.38936
405 128411 1.3828
406 128988 1.37626
407 129489 1.36975
408 130093 1.36328
409 130666 1.35683
410 131292 1.35042
411 131855 1.34404
412 132418 1.33768
413 132931 1.33136
414 133464 1.32506
415 133987 1.3188
416 134505 1.31256
417 135072 1.30635
418 135600 1.30017
419 136162 1.29403
420 136706 1.28791
421 137329 1.28181
422 137903 1.27575
423 138399 1.26972
424 139029 1.26371
425 139609 1.25773
426 140177 1.25178
427 140675 1.24586
428 141299 1.23997
429 141969 1.2341
430 142485 1.22826
431 143093 1.22245
432 143610 1.21666
433 144232 1.21091
434 144811 1.20518
435 145403 1.19947
436 146071 1.1938
437 146688 1.18815
438 147235 1.18252
439 147816 1.17693
440 148405 1.17136
441 149036 1.16581
442 149647 1.16029
443 150146 1.1548
444 150691 1.14933
445 151235 1.14389
446 151851 1.13848
447 152378 1.13309
448 152912 1.12772
449 153490 1.12238
450 154078 1.11707
451 154640 1.11178
452 155229 1.10651
453 155793 1.10127
454 156318 1.09606
455 156897 1.09087
456 157503 1.0857
457 158140 1.08056
458 158741 1.07544
459 159279 1.07035
460 159884 1.06528
461 160480 1.06023
462 161130 1.05521
463 161671 1.05021
464 162308 1.04523
465 162876 1.04028
466 163410 1.03535
467 163963 1.03045
468 164586 1.02557
469 165129 1.02071
470 165736 1.01587
471 166290 1.01106
472 166949 1.00627
473 167533 1.0015
474 168145 0.996752
475 168724 0.992028
476 169292 0.987327
477 169937 0.982648
478 170474 0.97799
479 171012 0.973355
480 171610 0.968742
481 172176 0.96415
482 172794 0.95958
483 173428 0.955031
484 174003 0.950504
485 174527 0.945998
486 175121 0.941513
487 175613 0.93705
488 176201 0.932607
489 176803 0.928186
490 177441 0.923785
491 178041 0.919405
492 178591 0.915046
493 179260 0.910707
494 179878 0.906388
495 180420 0.90209
496 180977 0.897813
497 181525 0.893555
498 182079 0.889318
499 182623 0.8851
500 183177 0.880902
501 183734 0.876725
502 184263 0.872566
503 184822 0.868428
504 185398 0.864309
505 185929 0.860209
506 186478 0.856129
507 187084 0.852068
508 187589 0.848026
509 188108 0.844003
510 188640 0.839999
511 189210 0.836014
512 189767 0.832048
513 190341 0.828101
514 190882 0.824172
515 191383 0.820262
516 191912 0.81637
517 192481 0.812497
518 193014 0.808642
519 193573 0.804805
520 194131 0.800986
521 194670 0.797185
522 195245 0.793402
523 195849 0.789637
524 196367 0.78589
525 196897 0.78216
526 197395 0.778448
527 197971 0.774754
528 198509 0.771077
529 199021 0.767418
530 199533 0.763775
531 200271 0.76015
532 200831 0.756542
533 201353 0.752951
534 201919 0.749377
535 202490 0.74582
536 203053 0.74228
537 203649 0.738756
538 204234 0.73525
539 204821 0.731759
540 205508 0.728285
541 206131 0.724828
542 206881 0.721387
543 207397 0.717962
544 207957 0.714553
545 208445 0.711161
546 209005 0.707784
547 209756 0.704424
548 210293 0.701079
549 210894 0.697751
550 211370 0.694437
551 211934 0.69114
552 212532 0.687858
553 213100 0.684592
554 213646 0.681341
555 214169 0.678106
556 214665 0.674885
557 215372 0.67168
558 216013 0.668491
559 216559 0.665316
560 217072 0.662156
561 217641 0.659011
562 218227 0.655882
563 218786 0.652767
564 219317 0.649666
565 219881 0.646581
566 220426 0.643509
567 221013 0.640453
568 221617 0.637411
569 222239 0.634383
570 222855 0.63137
571 223523 0.628371
572 224056 0.625386
573 224626 0.622415
574 225233 0.619458
575 225804 0.616516
576 226382 0.613587
577 226953 0.610672
578 227550 0.607771
579 228122 0.604884
580 228709 0.60201
581 229211 0.59915
582 229758 0.596303
583 230326 0.59347
584 230914 0.59065
585 231500 0.587844
586 232043 0.585051
587 232616 0.582271
588 233287 0.579504
589 233875 0.576751
590 234553 0.57401
591 235102 0.571283
592 235665 0.568568
593 236180 0.565867
594 236683 0.563178
595 237277 0.560501
596 237791 0.557838
597 238526 0.555187
598 239146 0.552549
599 239675 0.549923
600 240256 0.547309
601 240903 0.544708
602 241557 0.542119
603 242129 0.539543
604 242635 0.536979
605 243258 0.534427
606 243803 0.531887
607 244298 0.529359
608 244868 0.526843
609 245422 0.524339
610 246033 0.521846
611 246564 0.519366
612 247115 0.516897
613 247805 0.51444
614 248411 0.511995
615 248965 0.509562
616 249562 0.507139
617 250252 0.504729
618 250793 0.502329
619 251356 0.499942
620 251923 0.497565
621 252463 0.4952
622 253032 0.492846
623 253577 0.490503
624 254180 0.488171
625 254667 0.48585
626 255276 0.48354
627 255987 0.481242
628 256585 0.478954
629 257268 0.476677
630 257862 0.47441
631 258525 0.472155
632 259085 0.46991
633 259805 0.467676
634 260463 0.465452
635 261156 0.463239
636 261750 0.461037
637 262384 0.458845
638 262997 0.456663
639 263761 0.454492
640 264306 0.452331
641 265003 0.45018
642 265778 0.44804
643 266391 0.445909
644 267020 0.443789
645 267601 0.441679
646 268230 0.439578
647 268867 0.437488
648 269522 0.435408
649 270131 0.433337
650 270786 0.431277
651 271443 0.429226
652 272007 0.427185
653 272629 0.425153
654 273272 0.423131
655 273932 0.421119
656 274600 0.419116
657 275256 0.417123
658 275944 0.415139
659 276545 0.413165
660 277108 0.4112
661 277801 0.409245
662 278374 0.407298
663 278970 0.405361
664 279688 0.403433
665 280303 0.401515
666 280839 0.399605
667 281409 0.397704
668 282068 0.395813
669 282630 0.39393
670 283211 0.392057
671 283837 0.390192
672 284481 0.388336
673 285060 0.386489
674 285727 0.384651
675 286265 0.382821
676 286858 0.381
677 287499 0.379188
678 288088 0.377384
679 288616 0.375589
680 289234 0.373803
681 289829 0.372025
682 290385 0.370255
683 290949 0.368494
684 291495 0.366741
685 292068 0.364996
686 292692 0.36326
687 293209 0.361532
688 293733 0.359812
689 294330 0.358101
690 294909 0.356397
691 295537 0.354702
692 296128 0.353014
693 296643 0.351335
694 297225 0.349664
695 297787 0.348
696 298343 0.346345
697 298884 0.344697
698 299499 0.343057
699 300159 0.341425
700 300720 0.339801
701 301393 0.338184
702 301956 0.336575
703 302563 0.334974
704 303141 0.33338
705 303797 0.331794
706 304377 0.330216
707 305015 0.328645
708 305636 0.327081
709 306175 0.325525
710 306830 0.323976
711 307395 0.322435
712 307934 0.320901
713 308459 0.319374
714 309010 0.317854
715 309593 0.316342
716 310166 0.314837
717 310738 0.313339
718 311370 0.311848
719 311919 0.310364
720 312553 0.308887
721 313166 0.307418
722 313692 0.305955
723 314334 0.304499
724 314856 0.30305
725 315494 0.301608
726 316028 0.300173
727 316579 0.298745
728 317278 0.297323
729 317859 0.295909
730 318463 0.294501
731 319048 0.293099
732 319573 0.291705
733 320085 0.290316
734 320588 0.288935
735 321170 0.28756
736 321724 0.286192
737 322235 0.28483
738 322818 0.283474
739 323378 0.282126
740 323961 0.280783
741 324632 0.279447
742 325198 0.278117
743 325851 0.276794
744 326462 0.275476
745 327078 0.274165
746 327712 0.272861
747 328229 0.271562
748 328747 0.27027
749 329286 0.268984
750 329810 0.267704
751 330317 0.26643
752 330905 0.265162
753 331483 0.2639
754 332068 0.262644
755 332698 0.261394
756 333210 0.26015
757 333822 0.258912
758 334504 0.25768
759 335015 0.256453
760 335535 0.255233
761 336080 0.254018
762 336690 0.252809
763 337215 0.251606
764 337711 0.250409
765 338228 0.249217
766 338877 0.248031
767 339424 0.24685
768 340044 0.245676
769 340569 0.244506
770 341280 0.243343
771 341824 0.242184
772 342324 0.241032
773 342849 0.239885
774 343443 0.238743
775 343975 0.237607
776 344482 0.236476
777 345008 0.23535
778 345568 0.23423
779 346152 0.233115
780 346679 0.232006
781 347211 0.230901
782 347754 0.229802
783 348342 0.228709
784 348898 0.22762
785 349612 0.226537
786 350160 0.225458
787 350693 0.224385
788 351271 0.223317
789 351901 0.222254
790 352582 0.221196
791 353137 0.220144
792 353586 0.219096
793 354107 0.218053
794 354596 0.217015
795 355210 0.215982
796 355738 0.214954
797 356268 0.213931
798 356879 0.212913
799 357382 0.211899
800 358063 0.21089
801 358606 0.209887
802 359129 0.208888
803 359621 0.207893
804 360158 0.206904
805 360657 0.205919
806 361191 0.204939
807 361659 0.203963
808 362225 0.202992
809 362723 0.202026
810 363310 0.201064
811 363902 0.200107
812 364445 0.199155
813 364981 0.198207
814 365459 0.197263
815 366003 0.196324
816 366543 0.19539
817 367154 0.194459
818 367662 0.193534
819 368234 0.192613
820 368601 0.191696
821 369105 0.190783
822 369774 0.189875
823 370285 0.188971
824 370775 0.188072
825 371336 0.187176
826 371874 0.186285
827 372448 0.185398
828 373022 0.184516
829 373532 0.183637
830 374049 0.182763
831 374620 0.181893
832 375176 0.181027
833 375731 0.180166
834 376267 0.179308
835 376794 0.178454
836 377374 0.177605
837 377876 0.176759
838 378567 0.175918
839 379204 0.17508
840 379721 0.174247
841 380234 0.173417
842 380793 0.172592
843 381386 0.17177
844 381962 0.170952
845 382530 0.170139
846 383068 0.169329
847 383735 0.168523
848 384180 0.16772
849 384734 0.166922
850 385303 0.166127
851 385953 0.165336
852 386485 0.164549
853 387035 0.163766
854 387533 0.162986
855 388136 0.16221
856 388668 0.161438
857 389162 0.160669
858 389655 0.159904
859 390177 0.159143
860 390726 0.158386
861 391280 0.157631
862 391827 0.156881
863 392360 0.156134
864 392881 0.155391
865 393455 0.154651
866 394009 0.153915
867 394638 0.153182
868 395199 0.152453
869 395759 0.151727
870 396372 0.151005
871 396882 0.150286
872 397532 0.14957
873 398045 0.148858
874 398609 0.148149
875 399125 0.147444
876 399677 0.146742
877 400312 0.146043
878 400849 0.145348
879 401380 0.144656
880 401924 0.143967
881 402510 0.143282
882 403066 0.1426
883 403522 0.141921
884 404069 0.141245
885 404650 0.140573
886 405152 0.139903
887 405676 0.139237
888 406221 0.138574
889 406858 0.137915
890 407496 0.137258
891 408024 0.136604
892 408568 0.135954
893 409042 0.135307
894 409591 0.134663
895 410268 0.134021
896 410906 0.133383
897 411461 0.132748
898 412114 0.132116
899 412598 0.131487
900 413263 0.130861
901 414058 0.130238
902 414565 0.129618
903 415109 0.129001
904 415627 0.128387
905 416230 0.127775
906 416847 0.127167
907 417438 0.126562
908 417981 0.125959
909 418488 0.125359
910 418969 0.124762
911 419492 0.124168
912 420075 0.123577
913 420718 0.122989
914 421291 0.122403
915 421995 0.12182
916 422572 0.12124
917 423241 0.120663
918 423756 0.120089
919 424306 0.119517
920 424870 0.118948
921 425530 0.118381
922 426027 0.117818
923 426542 0.117257
924 427167 0.116698
925 427694 0.116143
926 428112 0.11559
927 428714 0.115039
928 429264 0.114492
929 429852 0.113947
930 430334 0.113404
931 430796 0.112864
932 431279 0.112327
933 431763 0.111792
934 432161 0.111259
935 432637 0.11073
936 433124 0.110202
937 433653 0.109678
938 434142 0.109156
939 434598 0.108636
940 434853 0.108119
941 435430 0.107604
942 436012 0.107091
943 436569 0.106581
944 436987 0.106074
945 437496 0.105569
946 438014 0.105066
947 438535 0.104566
948 439210 0.104068
949 439527 0.103573
950 440029 0.103079
951 440478 0.102589
952 440920 0.1021
953 441349 0.101614
954 441821 0.10113
955 442301 0.100649
956 442789 0.100169
957 443182 0.0996923
958 443759 0.0992176
959 444217 0.0987452
960 444667 0.098275
961 445336 0.097807
962 445852 0.0973413
963 446345 0.0968778
964 446817 0.0964165
965 447341 0.0959574
966 447840 0.0955005
967 448348 0.0950458
968 448913 0.0945932
969 449133 0.0941428
970 449649 0.0936945
971 450219 0.0932484
972 450710 0.0928043
973 451169 0.0923624
974 451689 0.0919226
975 452184 0.0914849
976 452658 0.0910493
977 453177 0.0906158
978 453445 0.0901843
979 453976 0.0897548
980 454534 0.0893275
981 455035 0.0889021
982 455562 0.0884788
983 455934 0.0880575
984 456389 0.0876382
985 456884 0.0872209
986 457308 0.0868055
987 457800 0.0863922
988 458198 0.0859808
989 458573 0.0855714
990 459128 0.0851639
991 459518 0.0847584
992 459889 0.0843548
993 460211 0.0839531
994 460676 0.0835533
995 461192 0.0831555
996 461746 0.0827595
997 462350 0.0823654
998 462809 0.0819732
999 463305 0.0815829
