0 320.8 463.095
1 638.756 203.634
2 990.841 152.284
3 1344.23 116.869
4 1587.22 92.1652
5 1842.28 74.7955
6 2059.84 62.4543
7 2310 53.5496
8 2557.04 46.9877
9 2822.15 42.0271
10 3076.49 38.172
11 3350.6 35.0932
12 3628.61 32.5724
13 3936.93 30.4631
14 4224.04 28.6656
15 4490.84 27.1102
16 4789.05 25.7473
17 5067.55 24.5404
18 5340.03 23.4622
19 5590.21 22.4916
20 5868.1 21.6122
21 6121.92 20.8108
22 6392.67 20.0768
23 6730.79 19.4016
24 7010.78 18.778
25 7315.94 18.1998
26 7576.03 17.6621
27 7848.15 17.1605
28 8187.7 16.6913
29 8461.49 16.2513
30 8720.83 15.8377
31 9002.81 15.4482
32 9250.69 15.0805
33 9519.05 14.7329
34 9782.84 14.4036
35 10040.3 14.0912
36 10298.2 13.7945
37 10534.6 13.5121
38 10812.1 13.2431
39 11081.8 12.9865
40 11349.2 12.7414
41 11583.9 12.5071
42 11894.1 12.2829
43 12212.2 12.0682
44 12507.1 11.8622
45 12812.3 11.6646
46 13134.8 11.4747
47 13374.8 11.2922
48 13641.5 11.1167
49 13934 10.9476
50 14232.4 10.7848
51 14503.2 10.6278
52 14782.6 10.4763
53 15032.6 10.3301
54 15299.5 10.1889
55 15588.8 10.0524
56 15863.4 9.9204
57 16130.4 9.79269
58 16358.9 9.66906
59 16671.6 9.54931
60 16941.6 9.43326
61 17208.1 9.32074
62 17449.7 9.2116
63 17697.2 9.10566
64 17942.5 9.00281
65 18212.4 8.90289
66 18441.2 8.80578
67 18712 8.71136
68 18978.1 8.61951
69 19233.2 8.53012
70 19530.9 8.44309
71 19850.8 8.35833
72 20094.9 8.27573
73 20361.9 8.1952
74 20653.2 8.11667
75 20899.4 8.04005
76 21181 7.96526
77 21506.4 7.89223
78 21814.1 7.82089
79 22104.4 7.75117
80 22401.5 7.68301
81 22704.6 7.61634
82 22932.2 7.55112
83 23188.4 7.48728
84 23464.2 7.42476
85 23755.3 7.36353
86 24035.8 7.30353
87 24319 7.24471
88 24579.7 7.18703
89 24883.5 7.13044
90 25131.7 7.07491
91 25434.3 7.0204
92 25681.8 6.96687
93 25930.9 6.91428
94 26194.5 6.8626
95 26429.7 6.8118
96 26713 6.76185
97 26987.1 6.71271
98 27299.8 6.66436
99 27600.1 6.61677
100 27900.2 6.56991
101 28157.2 6.52376
102 28409.6 6.4783
103 28657.8 6.4335
104 28936.1 6.38934
105 29168.4 6.3458
106 29508.1 6.30285
107 29740.2 6.26049
108 30018.2 6.21868
109 30283.5 6.17742
110 30565.8 6.13669
111 30823.6 6.09646
112 31114.3 6.05673
113 31390.4 6.01748
114 31672.7 5.97869
115 31975.5 5.94035
116 32257.3 5.90245
117 32539.6 5.86498
118 32781.7 5.82792
119 33059.9 5.79126
120 33297.7 5.75499
121 33612.2 5.7191
122 33858.4 5.68358
123 34120.5 5.64842
124 34411.3 5.61362
125 34713.4 5.57915
126 34957.3 5.54502
127 35220.5 5.51121
128 35463.6 5.47771
129 35752.6 5.44453
130 36030.4 5.41165
131 36278.6 5.37906
132 36566.6 5.34676
133 36832.9 5.31474
134 37093.5 5.283
135 37392.3 5.25153
136 37625.3 5.22032
137 37932.7 5.18937
138 38173.7 5.15867
139 38447.7 5.12822
140 38679.8 5.09801
141 38921.6 5.06804
142 39182.1 5.0383
143 39456.4 5.0088
144 39702.9 4.97951
145 39975.5 4.95045
146 40227.1 4.92161
147 40490.7 4.89298
148 40810.4 4.86456
149 41081.5 4.83634
150 41345.8 4.80833
151 41577.7 4.78051
152 41839.5 4.7529
153 42118 4.72548
154 42426.6 4.69824
155 42744 4.6712
156 43026 4.64434
157 43255.7 4.61766
158 43496.7 4.59116
159 43774.2 4.56484
160 44039.4 4.5387
161 44301.9 4.51273
162 44571.4 4.48692
163 44846.8 4.46129
164 45118.4 4.43582
165 45477.9 4.41052
166 45762.4 4.38538
167 46004.3 4.3604
168 46252.8 4.33557
169 46503.9 4.31091
170 46788.3 4.2864
171 47063.8 4.26204
172 47333.8 4.23784
173 47613.4 4.21378
174 47882.9 4.18987
175 48120.3 4.16611
176 48373.1 4.1425
177 48591.9 4.11903
178 48888.1 4.0957
179 49172.3 4.07251
180 49430.2 4.04947
181 49678.3 4.02656
182 49978.6 4.00379
183 50278.9 3.98115
184 50544.5 3.95865
185 50878.1 3.93629
186 51178.5 3.91405
187 51446.1 3.89195
188 51713 3.86998
189 51962.6 3.84814
190 52222.9 3.82642
191 52546.8 3.80484
192 52865.6 3.78338
193 53106.2 3.76204
194 53348.3 3.74083
195 53591.3 3.71974
196 53878.5 3.69877
197 54120.8 3.67793
198 54407.1 3.65721
199 54695.2 3.6366
200 54973.2 3.61611
201 55239.2 3.59575
202 55512.6 3.57549
203 55763.7 3.55536
204 56068.6 3.53534
205 56326.6 3.51543
206 56560.4 3.49564
207 56823.7 3.47596
208 57104.6 3.4564
209 57373.2 3.43694
210 57650.8 3.4176
211 57913 3.39836
212 58156 3.37924
213 58472.9 3.36022
214 58729.6 3.34131
215 58970.5 3.3225
216 59265 3.30381
217 59514.7 3.28522
218 59775.9 3.26673
219 60085.4 3.24835
220 60366.4 3.23007
221 60625.3 3.2119
222 60890.2 3.19382
223 61158 3.17585
224 61411.9 3.15798
225 61676.8 3.14021
226 61999.7 3.12254
227 62342.4 3.10497
228 62633.5 3.0875
229 62856.6 3.07012
230 63128.7 3.05284
231 63406.2 3.03566
232 63692.5 3.01858
233 63961.8 3.00159
234 64261.7 2.9847
235 64492.5 2.9679
236 64767.4 2.95119
237 65004.5 2.93458
238 65258 2.91806
239 65516.4 2.90163
240 65820.4 2.8853
241 66092.4 2.86905
242 66402.8 2.8529
243 66642 2.83683
244 66936.9 2.82086
245 67227.2 2.80498
246 67501.5 2.78918
247 67811.1 2.77347
248 68069.7 2.75785
249 68295.3 2.74232
250 68535 2.72687
251 68826.1 2.71151
252 69079.6 2.69623
253 69320.9 2.68104
254 69598.4 2.66593
255 69852.8 2.65091
256 70089 2.63597
257 70337.8 2.62112
258 70607.3 2.60635
259 70874.4 2.59165
260 71170.4 2.57705
261 71458.7 2.56252
262 71778.4 2.54807
263 72000 2.5337
264 72256.8 2.51942
265 72510.9 2.50521
266 72784.8 2.49108
267 73063 2.47703
268 73380.1 2.46306
269 73625 2.44917
270 73946.3 2.43535
271 74204.3 2.42161
272 74434.9 2.40795
273 74708.9 2.39436
274 74973.5 2.38085
275 75238.3 2.36741
276 75487.6 2.35405
277 75764.3 2.34076
278 76009.6 2.32755
279 76294.2 2.31441
280 76524.4 2.30134
281 76828.3 2.28835
282 77088.2 2.27543
283 77338.4 2.26258
284 77585 2.2498
285 77843.2 2.23709
286 78118.7 2.22445
287 78419.1 2.21189
288 78700.4 2.19939
289 78932.2 2.18696
290 79186 2.1746
291 79426 2.16232
292 79668.9 2.15009
293 79926.3 2.13794
294 80200.2 2.12586
295 80431.2 2.11384
296 80719 2.10189
297 80960.8 2.09
298 81199.3 2.07819
299 81440.4 2.06643
300 81697.2 2.05475
301 81958.4 2.04312
302 82201.5 2.03157
303 82467.8 2.02007
304 82712.3 2.00865
305 82953.3 1.99728
306 83178.8 1.98598
307 83441 1.97474
308 83757.6 1.96356
309 84037.8 1.95245
310 84291.2 1.9414
311 84549.1 1.93041
312 84812.4 1.91948
313 85053.4 1.90861
314 85304.7 1.8978
315 85586.6 1.88706
316 85852.1 1.87637
317 86124.3 1.86574
318 86382.1 1.85517
319 86620 1.84467
320 86857.8 1.83422
321 87106.9 1.82382
322 87448.8 1.81349
323 87762.5 1.80321
324 88039.8 1.79299
325 88267.1 1.78283
326 88523.3 1.77273
327 88819.5 1.76268
328 89095.6 1.75269
329 89340 1.74275
330 89600.9 1.73287
331 89843.4 1.72304
332 90106.1 1.71327
333 90370.3 1.70356
334 90600.2 1.69389
335 90859.2 1.68429
336 91077.1 1.67473
337 91314.4 1.66523
338 91554.9 1.65578
339 91861.8 1.64639
340 92108.1 1.63705
341 92350.4 1.62776
342 92878.9 1.61852
343 93377.7 1.60933
344 93906.4 1.6002
345 94407.8 1.59112
346 94916.4 1.58208
347 95400.3 1.5731
348 95935.2 1.56417
349 96441.8 1.55529
350 96938.8 1.54646
351 97504 1.53767
352 98025.6 1.52894
353 98532.5 1.52026
354 99050.4 1.51162
355 99576.9 1.50303
356 100067 1.4945
357 100557 1.486
358 101038 1.47756
359 101529 1.46917
360 102030 1.46082
361 102506 1.45252
362 102989 1.44426
363 103475 1.43605
364 103963 1.42789
365 104433 1.41977
366 104924 1.4117
367 105410 1.40367
368 105886 1.39569
369 106373 1.38776
370 106954 1.37987
371 107450 1.37202
372 107940 1.36422
373 108417 1.35646
374 108902 1.34874
375 109404 1.34107
376 109924 1.33344
377 110416 1.32586
378 110930 1.31831
379 111407 1.31081
380 111913 1.30335
381 112439 1.29594
382 112928 1.28856
383 113419 1.28123
384 113952 1.27394
385 114427 1.26668
386 114909 1.25947
387 115397 1.25231
388 115884 1.24518
389 116377 1.23809
390 116853 1.23104
391 117332 1.22403
392 117812 1.21706
393 118327 1.21013
394 118837 1.20324
395 119320 1.19638
396 119796 1.18957
397 120272 1.1828
398 120778 1.17606
399 121335 1.16936
400 121825 1.1627
401 122343 1.15607
402 122844 1.14949
403 123319 1.14294
404 123794 1.13643
405 124280 1.12995
406 124755 1.12351
407 125229 1.11711
408 125743 1.11074
409 126239 1.10441
410 126722 1.09812
411 127209 1.09186
412 127707 1.08563
413 128186 1.07944
414 128668 1.07329
415 129170 1.06717
416 129654 1.06109
417 130131 1.05504
418 130601 1.04902
419 131146 1.04304
420 131666 1.03709
421 132172 1.03118
422 132647 1.0253
423 133150 1.01945
424 133644 1.01363
425 134128 1.00785
426 134605 1.0021
427 135135 0.996388
428 135631 0.990704
429 136124 0.985052
430 136637 0.979432
431 137122 0.973844
432 137602 0.968287
433 138114 0.962763
434 138615 0.957269
435 139106 0.951806
436 139595 0.946375
437 140103 0.940974
438 140583 0.935604
439 141122 0.930264
440 141596 0.924955
441 142086 0.919675
442 142585 0.914426
443 143098 0.909206
444 143577 0.904016
445 144100 0.898855
446 144578 0.893723
447 145101 0.888621
448 145604 0.883548
449 146138 0.878503
450 146618 0.873487
451 147103 0.868499
452 147582 0.86354
453 148126 0.858609
454 148608 0.853705
455 149173 0.84883
456 149647 0.843982
457 150136 0.839162
458 150631 0.834369
459 151143 0.829603
460 151641 0.824865
461 152186 0.820153
462 152678 0.815468
463 153176 0.81081
464 153656 0.806178
465 154145 0.801572
466 154643 0.796993
467 155144 0.792439
468 155643 0.787912
469 156118 0.78341
470 156607 0.778934
471 157097 0.774483
472 157582 0.770057
473 158107 0.765657
474 158626 0.761282
475 159143 0.756931
476 159674 0.752605
477 160219 0.748304
478 160720 0.744027
479 161268 0.739775
480 161745 0.735546
481 162219 0.731342
482 162695 0.727162
483 163184 0.723005
484 163675 0.718872
485 164211 0.714763
486 164740 0.710677
487 165225 0.706614
488 165718 0.702574
489 166194 0.698558
490 166721 0.694564
491 167227 0.690593
492 167715 0.686644
493 168238 0.682718
494 168750 0.678814
495 169311 0.674933
496 169860 0.671073
497 170339 0.667236
498 170880 0.66342
499 171431 0.659627
500 171929 0.655854
501 172447 0.652103
502 172933 0.648374
503 173420 0.644666
504 173928 0.640979
505 174431 0.637313
506 174941 0.633667
507 175417 0.630043
508 175903 0.626439
509 176412 0.622856
510 176893 0.619293
511 177519 0.61575
512 178019 0.612228
513 178504 0.608726
514 179032 0.605243
515 179522 0.601781
516 180007 0.598338
517 180486 0.594915
518 180968 0.591511
519 181461 0.588127
520 181954 0.584762
521 182430 0.581416
522 182929 0.578089
523 183465 0.574781
524 183976 0.571492
525 184504 0.568222
526 185045 0.564971
527 185546 0.561738
528 186027 0.558523
529 186503 0.555327
530 187008 0.552149
531 187537 0.548989
532 188017 0.545847
533 188529 0.542723
534 189071 0.539617
535 189579 0.536529
536 190072 0.533458
537 190605 0.530405
538 191115 0.527369
539 191620 0.52435
540 192152 0.521349
541 192662 0.518365
542 193192 0.515398
543 193722 0.512448
544 194238 0.509514
545 194723 0.506598
546 195199 0.503698
547 195707 0.500814
548 196207 0.497947
549 196713 0.495097
550 197196 0.492262
551 197688 0.489444
552 198188 0.486642
553 198678 0.483856
554 199157 0.481086
555 199625 0.478331
556 200207 0.475593
557 200684 0.47287
558 201171 0.470162
559 201647 0.46747
560 202170 0.464793
561 202668 0.462132
562 203152 0.459486
563 203630 0.456855
564 204120 0.454239
565 204601 0.451638
566 205121 0.449052
567 205644 0.44648
568 206115 0.443923
569 206680 0.441381
570 207168 0.438854
571 207643 0.43634
572 208207 0.433842
573 208703 0.431357
574 209195 0.428887
575 209797 0.42643
576 210287 0.423988
577 210765 0.42156
578 211261 0.419145
579 211762 0.416745
580 212239 0.414358
581 212739 0.411985
582 213216 0.409625
583 213753 0.407279
584 214273 0.404946
585 214773 0.402627
586 215389 0.40032
587 215962 0.398027
588 216473 0.395747
589 216957 0.393481
590 217478 0.391227
591 217980 0.388986
592 218474 0.386757
593 218956 0.384542
594 219477 0.382339
595 220002 0.380149
596 220482 0.377971
597 220985 0.375806
598 221500 0.373653
599 221999 0.371512
600 222544 0.369384
601 223269 0.367268
602 223749 0.365164
603 224248 0.363072
604 224761 0.360992
605 225317 0.358924
606 225831 0.356867
607 226319 0.354823
608 226810 0.35279
609 227301 0.350768
610 227895 0.348759
611 228367 0.34676
612 228862 0.344774
613 229362 0.342798
614 229843 0.340834
615 230339 0.338881
616 230814 0.33694
617 231289 0.335009
618 231774 0.333089
619 232243 0.331181
620 232715 0.329283
621 233200 0.327396
622 233709 0.32552
623 234259 0.323655
624 234772 0.3218
625 235286 0.319956
626 235758 0.318123
627 236272 0.3163
628 236785 0.314487
629 237255 0.312685
630 237741 0.310893
631 238235 0.309112
632 238752 0.30734
633 239236 0.305579
634 239712 0.303828
635 240264 0.302087
636 240831 0.300356
637 241376 0.298634
638 241852 0.296923
639 242330 0.295221
640 242847 0.293529
641 243397 0.291847
642 243967 0.290174
643 244441 0.288511
644 244913 0.286858
645 245385 0.285214
646 245899 0.283579
647 246390 0.281954
648 246863 0.280338
649 247461 0.278731
650 247949 0.277134
651 248459 0.275545
652 248938 0.273966
653 249493 0.272396
654 250000 0.270834
655 250503 0.269282
656 250980 0.267739
657 251476 0.266204
658 252000 0.264678
659 252492 0.263161
660 252980 0.261653
661 253481 0.260153
662 254014 0.258662
663 254514 0.257179
664 255102 0.255705
665 255623 0.254239
666 256174 0.252782
667 256735 0.251333
668 257295 0.249892
669 257771 0.24846
670 258318 0.247036
671 258853 0.24562
672 259539 0.244212
673 260166 0.242812
674 260837 0.24142
675 261448 0.240036
676 261969 0.23866
677 262520 0.237292
678 263052 0.235932
679 263666 0.234579
680 264149 0.233234
681 264707 0.231897
682 265183 0.230568
683 265713 0.229246
684 266300 0.227932
685 266780 0.226625
686 267258 0.225326
687 267788 0.224034
688 268285 0.22275
689 268802 0.221473
690 269328 0.220203
691 269812 0.218941
692 270299 0.217686
693 270787 0.216438
694 271357 0.215197
695 271856 0.213963
696 272344 0.212737
697 272897 0.211517
698 273417 0.210304
699 273940 0.209099
700 274462 0.2079
701 274988 0.206708
702 275499 0.205523
703 276019 0.204345
704 276536 0.203173
705 277051 0.202008
706 277651 0.20085
707 278123 0.199699
708 278621 0.198554
709 279187 0.197415
710 279736 0.196283
711 280229 0.195158
712 280722 0.194039
713 281209 0.192927
714 281722 0.19182
715 282224 0.190721
716 282753 0.189627
717 283248 0.18854
718 283759 0.187459
719 284252 0.186384
720 284796 0.185315
721 285284 0.184253
722 285762 0.183196
723 286244 0.182146
724 286746 0.181102
725 287220 0.180063
726 287713 0.179031
727 288198 0.178004
728 288672 0.176984
729 289163 0.175969
730 289648 0.17496
731 290154 0.173957
732 290642 0.172959
733 291115 0.171967
734 291596 0.170981
735 292138 0.170001
736 292614 0.169026
737 293114 0.168057
738 293593 0.167093
739 294080 0.166135
740 294559 0.165183
741 295043 0.164235
742 295527 0.163294
743 296014 0.162357
744 296495 0.161426
745 296983 0.160501
746 297524 0.15958
747 298007 0.158665
748 298519 0.157756
749 299036 0.156851
750 299518 0.155952
751 300044 0.155057
752 300558 0.154168
753 301042 0.153284
754 301528 0.152405
755 302008 0.151531
756 302484 0.150662
757 302968 0.149798
758 303458 0.148939
759 303938 0.148085
760 304413 0.147236
761 304923 0.146392
762 305417 0.145552
763 305915 0.144718
764 306390 0.143888
765 306963 0.143063
766 307441 0.142242
767 307920 0.141427
768 308411 0.140616
769 308896 0.139809
770 309387 0.139007
771 309884 0.13821
772 310378 0.137418
773 310861 0.13663
774 311421 0.135846
775 311898 0.135067
776 312380 0.134293
777 312844 0.133522
778 313339 0.132757
779 313819 0.131995
780 314293 0.131238
781 314762 0.130486
782 315241 0.129738
783 315758 0.128994
784 316284 0.128254
785 316765 0.127518
786 317327 0.126787
787 317811 0.12606
788 318300 0.125337
789 318795 0.124618
790 319322 0.123904
791 319857 0.123193
792 320331 0.122486
793 320877 0.121784
794 321436 0.121086
795 321960 0.120391
796 322535 0.119701
797 323104 0.119014
798 323628 0.118332
799 324153 0.117653
800 324724 0.116978
801 325370 0.116308
802 325874 0.115641
803 326459 0.114977
804 326991 0.114318
805 327580 0.113662
806 328102 0.113011
807 328635 0.112362
808 329165 0.111718
809 329688 0.111077
810 330185 0.11044
811 330713 0.109807
812 331217 0.109177
813 331715 0.108551
814 332344 0.107928
815 332852 0.107309
816 333364 0.106694
817 333954 0.106082
818 334537 0.105474
819 335035 0.104869
820 335559 0.104267
821 336125 0.103669
822 336680 0.103075
823 337262 0.102484
824 337777 0.101896
825 338321 0.101312
826 338948 0.10073
827 339494 0.100153
828 340084 0.0995784
829 340616 0.0990073
830 341205 0.0984394
831 341685 0.0978749
832 342204 0.0973135
833 342797 0.0967554
834 343290 0.0962005
835 343931 0.0956488
836 344469 0.0951002
837 345025 0.0945548
838 345540 0.0940125
839 346064 0.0934733
840 346558 0.0929372
841 347140 0.0924042
842 347633 0.0918742
843 348186 0.0913473
844 348750 0.0908234
845 349306 0.0903024
846 349795 0.0897845
847 350300 0.0892696
848 350875 0.0887576
849 351438 0.0882485
850 351968 0.0877424
851 352579 0.0872392
852 353136 0.0867388
853 353593 0.0862413
854 354165 0.0857467
855 354650 0.0852549
856 355180 0.0847659
857 355672 0.0842798
858 356146 0.0837964
859 356679 0.0833158
860 357163 0.0828379
861 357713 0.0823628
862 358252 0.0818904
863 358763 0.0814207
864 359280 0.0809537
865 359753 0.0804894
866 360259 0.0800278
867 360747 0.0795688
868 361200 0.0791124
869 361733 0.0786587
870 362215 0.0782075
871 362767 0.077759
872 363335 0.077313
873 363898 0.0768695
874 364398 0.0764286
875 364881 0.0759903
876 365405 0.0755544
877 365928 0.0751211
878 366439 0.0746902
879 367024 0.0742618
880 367486 0.0738359
881 368024 0.0734124
882 368415 0.0729913
883 368924 0.0725727
884 369437 0.0721565
885 369991 0.0717426
886 370530 0.0713311
887 370991 0.070922
888 371474 0.0705152
889 372044 0.0701107
890 372583 0.0697086
891 373181 0.0693088
892 373646 0.0689113
893 374098 0.068516
894 374707 0.068123
895 375226 0.0677323
896 375697 0.0673438
897 376198 0.0669575
898 376713 0.0665735
899 377173 0.0661917
900 377634 0.065812
901 378163 0.0654345
902 378715 0.0650592
903 379242 0.0646861
904 379771 0.064315
905 380234 0.0639461
906 380705 0.0635794
907 381156 0.0632147
908 381625 0.0628521
909 382142 0.0624916
910 382598 0.0621332
911 383185 0.0617768
912 383754 0.0614225
913 384160 0.0610702
914 384695 0.0607199
915 385204 0.0603716
916 385725 0.0600253
917 386202 0.059681
918 386730 0.0593387
919 387217 0.0589984
920 387724 0.05866
921 388187 0.0583235
922 388704 0.057989
923 389188 0.0576564
924 389646 0.0573257
925 390105 0.0569968
926 390579 0.0566699
927 391090 0.0563449
928 391546 0.0560217
929 392038 0.0557004
930 392553 0.0553809
931 393052 0.0550632
932 393552 0.0547474
933 394039 0.0544334
934 394565 0.0541212
935 395066 0.0538107
936 395547 0.0535021
937 396088 0.0531952
938 396584 0.0528901
939 397075 0.0525867
940 397623 0.0522851
941 398086 0.0519852
942 398595 0.051687
943 399102 0.0513905
944 399621 0.0510958
945 400178 0.0508027
946 400669 0.0505113
947 401170 0.0502216
948 401663 0.0499335
949 402222 0.0496471
950 402764 0.0493623
951 403215 0.0490792
952 403746 0.0487977
953 404367 0.0485178
954 404862 0.0482395
955 405348 0.0479628
956 405847 0.0476877
957 406431 0.0474141
958 406883 0.0471422
959 407457 0.0468718
960 407905 0.0466029
961 408431 0.0463356
962 408907 0.0460698
963 409363 0.0458056
964 409965 0.0455429
965 410424 0.0452816
966 410966 0.0450219
967 411498 0.0447636
968 411976 0.0445069
969 412436 0.0442516
970 412843 0.0439978
971 413382 0.0437454
972 414051 0.0434945
973 414535 0.043245
974 415014 0.042997
975 415475 0.0427503
976 416014 0.0425051
977 416521 0.0422613
978 416989 0.0420189
979 417460 0.0417779
980 417955 0.0415382
981 418386 0.0413
982 418930 0.0410631
983 419405 0.0408276
984 419945 0.0405934
985 420471 0.0403605
986 420935 0.040129
987 421415 0.0398988
988 422011 0.03967
989 422533 0.0394424
990 423035 0.0392162
991 423498 0.0389913
992 424042 0.0387676
993 424575 0.0385452
994 425107 0.0383241
995 425592 0.0381043
996 426140 0.0378857
997 426596 0.0376684
998 427109 0.0374524
999 427574 0.0372375
