0 20.4477 298.507
1 35.7392 132.612
2 53.2739 95.2501
3 67.2727 71.4783
4 83.3596 55.9935
5 96.9993 45.6799
6 110.53 38.6074
7 125.26 33.5805
8 141.53 29.866
9 155.256 27.0167
10 169.543 24.7579
11 184.725 22.9175
12 204.972 21.3842
13 221.464 20.084
14 236.571 18.9651
15 252.187 17.9906
16 265.345 17.1332
17 278.273 16.3722
18 291.278 15.6915
19 307.462 15.0784
20 321.502 14.5227
21 334.943 14.0163
22 348.184 13.5522
23 361.993 13.1248
24 375.687 12.7294
25 389.042 12.362
26 405.301 12.0192
27 425.587 11.698
28 450.742 11.3961
29 475.065 11.1111
30 489.12 10.8414
31 509.077 10.5852
32 527.296 10.3412
33 548.027 10.1082
34 565.175 9.88504
35 582.064 9.67091
36 601.658 9.46496
37 624.483 9.26648
38 642.521 9.07485
39 658.314 8.88952
40 672.333 8.71001
41 685.743 8.5359
42 700.025 8.36681
43 717.253 8.20242
44 731.153 8.04242
45 746.676 7.88656
46 761.521 7.73459
47 779.356 7.58632
48 797.402 7.44156
49 817.672 7.30014
50 836.686 7.1619
51 851.259 7.02671
52 864.229 6.89444
53 883.395 6.76499
54 902.213 6.63823
55 929.129 6.51408
56 943.885 6.39244
57 957.151 6.27324
58 976.889 6.1564
59 991.787 6.04184
60 1005.22 5.9295
61 1020.19 5.81931
62 1040.16 5.71122
63 1056.82 5.60518
64 1072.2 5.50112
65 1086.53 5.39901
66 1101.74 5.29879
67 1118.4 5.20042
68 1136.9 5.10385
69 1151.09 5.00906
70 1169.1 4.91599
71 1187.25 4.82462
72 1200.97 4.7349
73 1220.46 4.6468
74 1235.51 4.5603
75 1249 4.47536
76 1270.73 4.39194
77 1291.11 4.31002
78 1309.12 4.22957
79 1322.69 4.15057
80 1336.16 4.07298
81 1351.51 3.99679
82 1364.86 3.92196
83 1378.08 3.84847
84 1391.49 3.77629
85 1404.87 3.70542
86 1418.49 3.63581
87 1432.51 3.56745
88 1447.1 3.50032
89 1466.98 3.4344
90 1480.41 3.36966
91 1494.05 3.30609
92 1513.09 3.24366
93 1526.83 3.18236
94 1540.02 3.12216
95 1556.08 3.06306
96 1573.77 3.00502
97 1586.98 2.94804
98 1600.09 2.89209
99 1613.29 2.83716
100 1629.89 2.78323
101 1644.82 2.73028
102 1657.83 2.6783
103 1676.36 2.62727
104 1692.52 2.57717
105 1706.18 2.52799
106 1719.56 2.47971
107 1732.52 2.43232
108 1745.77 2.38581
109 1759.1 2.34015
110 1772.48 2.29533
111 1785.64 2.25135
112 1798.89 2.20817
113 1811.83 2.1658
114 1825.2 2.12422
115 1839.32 2.08341
116 1857.34 2.04336
117 1870.66 2.00405
118 1883.94 1.96548
119 1897.19 1.92763
120 1910.09 1.89049
121 1923.14 1.85404
122 1936.12 1.81828
123 1948.85 1.78319
124 1962.61 1.74876
125 1975.8 1.71498
126 1989.14 1.68184
127 2002.5 1.64932
128 2016.42 1.61741
129 2029.33 1.58611
130 2043.59 1.55541
131 2060.87 1.52528
132 2074.36 1.49572
133 2087.4 1.46673
134 2100.79 1.43829
135 2114.93 1.41039
136 2130.13 1.38302
137 2143.38 1.35617
138 2156.51 1.32983
139 2169.74 1.304
140 2182.86 1.27866
141 2196.46 1.2538
142 2209.85 1.22942
143 2223.81 1.20551
144 2236.87 1.18206
145 2250.93 1.15905
146 2264.26 1.13649
147 2278.83 1.11436
148 2291.99 1.09266
149 2305.28 1.07137
150 2318.7 1.05049
151 2332.06 1.03002
152 2345.59 1.00994
153 2358.74 0.990243
154 2371.89 0.970929
155 2385.31 0.951988
156 2398.52 0.933412
157 2411.99 0.915196
158 2426.53 0.897331
159 2439.81 0.879812
160 2456 0.862632
161 2469.79 0.845784
162 2483.54 0.829263
163 2496.44 0.813062
164 2509.56 0.797174
165 2522.61 0.781595
166 2535.8 0.766318
167 2549.24 0.751337
168 2562.9 0.736647
169 2576.38 0.722242
170 2589.31 0.708117
171 2602.51 0.694267
172 2615.54 0.680686
173 2628.47 0.667368
174 2641.52 0.65431
175 2659.25 0.641506
176 2677.23 0.628951
177 2694.34 0.61664
178 2709.83 0.604569
179 2723.32 0.592733
180 2736.79 0.581128
181 2752.87 0.569749
182 2765.91 0.558591
183 2778.97 0.547652
184 2792.91 0.536925
185 2806.27 0.526408
186 2819.65 0.516096
187 2832.84 0.505985
188 2848.23 0.496071
189 2863.96 0.486351
190 2877.66 0.476821
191 2890.67 0.467476
192 2903.59 0.458315
193 2916.72 0.449332
194 2930.18 0.440524
195 2943.54 0.431889
196 2956.66 0.423423
197 2970.53 0.415122
198 2983.97 0.406983
199 2997.35 0.399004
200 3010.55 0.39118
201 3023.79 0.38351
202 3037.06 0.375989
203 3050.37 0.368616
204 3065.66 0.361387
205 3079.53 0.354299
206 3095.08 0.34735
207 3107.91 0.340537
208 3121.83 0.333858
209 3135.07 0.327309
210 3149.51 0.320888
211 3162.93 0.314594
212 3175.74 0.308422
213 3188.74 0.302371
214 3202.26 0.296439
215 3215.19 0.290623
216 3229.45 0.284921
217 3242.92 0.27933
218 3256.06 0.273849
219 3271.13 0.268476
220 3284.95 0.263208
221 3297.86 0.258043
222 3310.97 0.252979
223 3324.02 0.248014
224 3337.23 0.243147
225 3350.52 0.238375
226 3363.76 0.233697
227 3377.03 0.229111
228 3389.89 0.224614
229 3403.06 0.220205
230 3416.23 0.215883
231 3429.69 0.211646
232 3442.63 0.207492
233 3455.69 0.203419
234 3469.91 0.199426
235 3484.99 0.195512
236 3497.87 0.191674
237 3512.15 0.187911
238 3525.55 0.184222
239 3539.09 0.180606
240 3552.21 0.177061
241 3565.79 0.173585
242 3578.91 0.170177
243 3592.34 0.166836
244 3606.75 0.163561
245 3620.14 0.16035
246 3633.99 0.157202
247 3647.67 0.154116
248 3660.64 0.15109
249 3674.31 0.148123
250 3693.87 0.145215
251 3708.42 0.142364
252 3721.95 0.139569
253 3736.93 0.136829
254 3750.83 0.134142
255 3768.2 0.131509
256 3783.83 0.128926
257 3796.78 0.126395
258 3810.21 0.123913
259 3825.83 0.12148
260 3839.53 0.119095
261 3853.23 0.116756
262 3866.54 0.114464
263 3879.99 0.112216
264 3896.93 0.110013
265 3911.47 0.107853
266 3925.75 0.105735
267 3939.77 0.103659
268 3953.52 0.101623
269 3967.43 0.0996278
270 3981.52 0.0976714
271 3995.06 0.0957535
272 4008.19 0.0938732
273 4021.27 0.0920299
274 4035.11 0.0902227
275 4048.77 0.088451
276 4062.64 0.0867141
277 4076.19 0.0850113
278 4090.55 0.0833419
279 4107.69 0.0817053
280 4121.99 0.0801008
281 4135.93 0.0785278
282 4149.69 0.0769857
283 4163.03 0.0754739
284 4176.73 0.0739918
285 4190.42 0.0725387
286 4203.64 0.0711142
287 4217.34 0.0697177
288 4236.94 0.0683486
289 4250.49 0.0670064
290 4264.23 0.0656905
291 4278.32 0.0644004
292 4291.93 0.0631357
293 4305.76 0.0618959
294 4319.31 0.0606803
295 4332.72 0.0594887
296 4345.78 0.0583204
297 4359.25 0.0571751
298 4372.46 0.0560523
299 4399.33 0.0549515
300 4413.37 0.0538723
301 4426.87 0.0528143
302 4440.21 0.0517771
303 4454.79 0.0507603
304 4468.29 0.0497634
305 4482.49 0.0487861
306 4496.16 0.047828
307 4511.06 0.0468887
308 4524.62 0.0459679
309 4538.07 0.0450651
310 4551.66 0.0441801
311 4565.33 0.0433124
312 4582.19 0.0424618
313 4596.03 0.0416279
314 4609.21 0.0408104
315 4624.01 0.0400089
316 4637.79 0.0392232
317 4651.24 0.0384529
318 4665.32 0.0376977
319 4678.89 0.0369573
320 4692.32 0.0362315
321 4705.93 0.0355199
322 4719.71 0.0348224
323 4733.36 0.0341385
324 4747.11 0.033468
325 4760.38 0.0328107
326 4774.87 0.0321663
327 4791.72 0.0315346
328 4807.33 0.0309153
329 4820.92 0.0303081
330 4834.87 0.0297129
331 4850.16 0.0291294
332 4864.22 0.0285573
333 4881.4 0.0279964
334 4895.5 0.0274466
335 4908.9 0.0269076
336 4923.55 0.0263791
337 4937.12 0.025861
338 4951.08 0.0253531
339 4964.54 0.0248552
340 4977.89 0.0243671
341 4992.08 0.0238885
342 5009.6 0.0234193
343 5024.76 0.0229594
344 5039.04 0.0225085
345 5052.52 0.0220664
346 5066.95 0.021633
347 5081.27 0.0212082
348 5096.81 0.0207917
349 5110.85 0.0203833
350 5125.32 0.019983
351 5139.19 0.0195905
352 5152.99 0.0192058
353 5166.62 0.0188286
354 5180.86 0.0184588
355 5194.24 0.0180963
356 5208.62 0.0177409
357 5222.07 0.0173924
358 5236.63 0.0170509
359 5250.11 0.016716
360 5264.59 0.0163877
361 5277.77 0.0160658
362 5291.92 0.0157503
363 5305.97 0.015441
364 5321.61 0.0151377
365 5336.3 0.0148404
366 5350.2 0.0145489
367 5364.19 0.0142632
368 5378.06 0.0139831
369 5391.73 0.0137085
370 5406.1 0.0134392
371 5419.68 0.0131753
372 5432.61 0.0129165
373 5473.55 0.0126628
374 5486.82 0.0124141
375 5505.35 0.0121703
376 5518.72 0.0119313
