0 15.3273 558.421
1 34.955 211.733
2 50.2299 189.735
3 64.2613 170.449
4 78.0845 153.394
5 96.2029 138.264
6 109.471 124.816
7 127.902 112.853
8 146.571 102.203
9 166.76 92.7158
10 185.076 84.2618
11 204.87 76.7261
12 224.531 70.0033
13 238.522 64.0006
14 252.675 58.6367
15 267.205 53.8373
16 281.996 49.5382
17 299.433 45.6809
18 315.745 42.2147
19 330.79 39.0936
20 347.261 36.2778
21 363.27 33.7313
22 376.625 31.423
23 390.133 29.3252
24 414.445 27.4135
25 434.616 25.6666
26 448.246 24.0657
27 461.671 22.5946
28 485.765 21.2389
29 500.232 19.9862
30 522.641 18.8255
31 539.396 17.7473
32 560.114 16.7434
33 578.473 15.8066
34 596.653 14.9304
35 615.007 14.1093
36 632.369 13.3385
37 646.554 12.6137
38 661.401 11.931
39 675.983 11.2872
40 689.524 10.6792
41 702.481 10.1044
42 718.179 9.56046
43 735.795 9.04515
44 749.883 8.55659
45 770.877 8.09303
46 785.232 7.65286
47 808.231 7.23465
48 833.412 6.808
49 854.271 6.38231
50 871.44 5.98143
51 887.137 5.61675
52 912.048 5.26831
53 927.627 4.93496
54 941.414 4.62493
55 966.066 4.33429
56 982.052 4.06337
57 1007.28 3.81245
58 1031.35 3.57921
59 1051.55 3.36317
60 1070.19 3.16336
61 1083.98 2.97803
62 1102.1 2.80642
63 1118.83 2.6475
64 1138.01 2.49982
65 1151.52 2.36248
66 1165.62 2.23469
67 1184.06 2.11536
68 1204.69 2.00374
69 1225.03 1.89925
70 1247.2 1.80113
71 1268.36 1.70871
72 1288.01 1.62152
73 1303.59 1.53905
74 1320.25 1.46072
75 1335.49 1.38621
76 1350.28 1.31519
77 1368.22 1.24728
78 1383.48 1.18221
79 1397.92 1.11982
80 1411.98 1.05993
81 1426.2 1.00237
82 1443.94 0.947042
83 1463.57 0.89393
84 1477.12 0.843018
85 1493.85 0.79431
86 1507.79 0.74789
87 1521.9 0.7039
88 1539.38 0.662507
89 1554.24 0.62392
90 1567.4 0.588407
91 1581.46 0.556286
92 1595.56 0.527895
93 1609.28 0.503583
94 1622.64 0.483691
95 1635.96 0.468509
96 1650.04 0.458231
97 1665.54 0.765829
98 1679.78 0.108472
99 1693.11 0.0345414
100 1712.32 0.0187257
101 1725.67 0.0151317
102 1738.84 0.0129884
103 1752.09 0.0106379
104 1778.03 0.0101738
105 1791.5 0.00915642
106 1805.12 0.00825925
107 1818.37 0.00727118
108 1832.04 0.00653008
109 1845.24 0.00592453
