0 14.9152 464.036
1 28.9115 190.088
2 42.408 161.988
3 57.132 138.726
4 71.5496 119.322
5 92.715 103.086
6 111.842 89.4769
7 124.765 78.0555
8 145.314 68.461
9 163.996 60.3916
10 177.541 53.5944
11 192.47 47.8569
12 216.18 43.0004
13 233.358 38.8746
14 253.769 35.3542
15 268.383 32.3344
16 288.24 29.7284
17 303.718 27.4647
18 324.185 25.4844
19 337.493 23.7394
20 351.874 22.1905
21 371.855 20.8059
22 397.202 19.5596
23 414.305 18.4306
24 437.63 17.4018
25 452.561 16.4592
26 466.495 15.5913
27 485.013 14.7887
28 498.241 14.0435
29 523.307 13.3492
30 545.889 12.7003
31 564.678 12.0922
32 580.818 11.5208
33 597.322 10.9827
34 621.359 10.4751
35 640.42 9.99523
36 657.232 9.54089
37 675.341 9.11007
38 689.838 8.70098
39 707.796 8.31203
40 725.506 7.94179
41 747.979 7.58897
42 767.759 7.25242
43 789.463 6.93107
44 803.493 6.62396
45 821.145 6.33022
46 837.918 6.04904
47 858.563 5.77967
48 876.758 5.51718
49 890.783 5.25974
50 905.628 5.00983
51 921.45 4.76738
52 938.406 4.53178
53 955.066 4.30355
54 973.266 4.08292
55 988.003 3.87001
56 1002.03 3.66493
57 1018.65 3.46773
58 1035 3.2784
59 1054.01 3.09689
60 1075.11 2.92314
61 1089.11 2.75703
62 1110.22 2.59844
63 1126.02 2.44722
64 1143.27 2.3032
65 1157.84 2.16619
66 1173.32 2.03601
67 1193.99 1.91246
68 1219.34 1.79535
69 1237.79 1.68448
70 1260.79 1.57964
71 1278.7 1.48063
72 1293.48 1.38724
73 1306.28 1.29926
74 1322.99 1.21648
75 1336.3 1.13869
76 1349.77 1.06568
77 1365.17 0.997253
78 1379.09 0.933185
79 1396.74 0.873272
80 1413.69 0.817308
81 1432.36 0.765084
82 1446.66 0.716399
83 1461.89 0.671048
84 1476.07 0.628833
85 1491.35 0.589559
86 1508.31 0.553034
87 1525.5 0.519072
88 1540.87 0.487496
89 1554.56 0.458134
90 1567.48 0.430826
91 1580.75 0.405422
92 1593.56 0.381785
93 1608.14 0.359791
94 1621.16 0.339332
95 1637.32 0.32032
96 1650.21 0.302681
97 1663.29 0.271643
98 1676.44 0.262181
99 1692.17 0.24572
100 1705.97 0.230702
101 1718.98 0.216641
102 1732.56 0.203458
103 1746 0.191078
104 1761.68 0.179453
105 1777.08 0.168536
106 1790.94 0.158282
107 1804.95 0.14865
108 1820.44 0.139603
109 1834.82 0.131105
110 1849.53 0.123124
111 1862.4 0.115627
112 1876.08 0.108586
113 1888.99 0.101972
114 1904.55 0.0957612
115 1917.47 0.0899275
116 1930.79 0.0844488
117 1945 0.0793034
118 1958.06 0.0744713
119 1972.22 0.0699333
120 1985.74 0.0656718
121 2000.36 0.0616698
122 2013.35 0.0579117
123 2030.65 0.0543827
124 2044.12 0.0510687
125 2057.18 0.0479568
126 2070.13 0.0450347
127 2086 0.0422907
128 2099.93 0.039714
129 2117.35 0.0372944
130 2130.23 0.0350224
131 2145.2 0.0328888
132 2158.13 0.0308854
133 2170.91 0.029004
134 2184.41 0.0272373
135 2197.76 0.0255782
136 2211.48 0.0240202
137 2229.79 0.0225571
138 2243.7 0.0211831
139 2258.21 0.0198927
140 2278.63 0.018681
141 2293.46 0.017543
142 2310.06 0.0164742
143 2324.12 0.0154706
144 2337.4 0.0145281
145 2351 0.013643
146 2365.99 0.0128119
147 2381.6 0.0120314
148 2395.47 0.0112985
149 2408.68 0.0106103
150 2423.1 0.00996394
151 2437.33 0.009357
152 2450.45 0.00878703
153 2463.81 0.00825177
154 2477.05 0.00774912
155 2490.53 0.00727708
156 2505.57 0.00683379
157 2519.8 0.0064175
158 2536.03 0.00602658
159 2550.46 0.00565946
160 2563.52 0.00531471
161 2584.13 0.00499096
162 2599.18 0.00468693
163 2614.46 0.00440142
164 2632.71 0.00413331
165 2649.25 0.00388152
166 2662.32 0.00364507
167 2677.41 0.00342303
168 2693.44 0.00321451
169 2706.73 0.00301869
170 2723.08 0.0028348
171 2736.2 0.00266211
172 2749.86 0.00249995
173 2762.97 0.00234766
174 2778.31 0.00220465
175 2791.44 0.00207035
176 2805.76 0.00194423
177 2819.76 0.00182579
178 2835.58 0.00171457
179 2851.47 0.00161013
180 2867.45 0.00151204
181 2882.33 0.00141993
182 2897.59 0.00133344
183 2911.67 0.00125221
184 2924.6 0.00117593
185 2938.02 0.0011043
186 2953.21 0.00103703
187 2966.39 0.000973854
188 2979.68 0.00091453
189 2993.49 0.00085882
190 3006.7 0.000806503
191 3019.91 0.000757374
192 3034.09 0.000711238
193 3048.15 0.000667912
194 3064.21 0.000627226
195 3078.18 0.000589016
196 3092.69 0.000553136
197 3105.68 0.000519441
198 3118.72 0.000487798
199 3132.09 0.000458083
200 3147.22 0.000430178
201 3160.53 0.000403974
202 3174.71 0.000379365
203 3191.78 0.000356255
204 3205.68 0.000334554
205 3219.32 0.000314174
206 3234.24 0.000295035
207 3250.2 0.000277063
208 3263.98 0.000260185
209 3278.53 0.000244336
210 3291.48 0.000229452
211 3305.99 0.000215474
212 3319.8 0.000202348
213 3334.21 0.000190022
214 3349.42 0.000178446
215 3366.26 0.000167576
216 3379.39 0.000157368
217 3393.04 0.000147782
218 3408.05 0.000138779
219 3421.73 0.000130325
220 3437.61 0.000122386
221 3452.76 0.000114931
222 3466.46 0.00010793
223 3481.24 0.000101355
224 3494.5 9.5181e-05
