0 12.9426 275.107
1 27.1028 122.51
2 41.3112 85.4449
3 55.5893 63.4556
4 68.9404 49.8771
5 82.1642 41.1278
6 100.186 35.1966
7 115.753 30.9568
8 130.673 27.7757
9 146.814 25.2906
10 160.438 23.2863
11 175.026 21.6292
12 195.84 20.2319
13 216.374 19.0353
14 236.212 17.9973
15 249.317 17.0873
16 262.837 16.2822
17 276.041 15.5645
18 289.43 14.9202
19 306.585 14.3385
20 320.602 13.8105
21 337.329 13.3288
22 353.696 12.8874
23 367.03 12.4813
24 381.713 12.1062
25 395.135 11.7585
26 409.908 11.4349
27 425.068 11.1329
28 440.776 10.85
29 458.267 10.5843
30 477.691 10.3339
31 491.606 10.0973
32 504.848 9.873
33 520.87 9.6599
34 541.318 9.45688
35 557.108 9.26301
36 577.228 9.07744
37 594.286 8.89941
38 610.906 8.72828
39 626.411 8.56345
40 643.459 8.4044
41 661.476 8.25066
42 679.818 8.10182
43 692.928 7.95752
44 709.115 7.81742
45 724.037 7.68124
46 739.593 7.5487
47 753.556 7.41958
48 771.081 7.29366
49 787.374 7.17076
50 809.317 7.05071
51 834.482 6.93335
52 848.562 6.81855
53 867.356 6.70618
54 882.968 6.59613
55 897.506 6.4883
56 914.466 6.38259
57 929.9 6.27892
58 943.008 6.17721
59 960.48 6.0774
60 975.897 5.97941
61 989.561 5.88318
62 1006.32 5.78866
63 1020.31 5.6958
64 1034.63 5.60454
65 1052.45 5.51485
66 1068.38 5.42668
67 1084.06 5.34
68 1103.23 5.25476
69 1118.43 5.17093
70 1136.34 5.08848
71 1149.85 5.00738
72 1163.92 4.92759
73 1178.53 4.84909
74 1195.88 4.77186
75 1218.58 4.69587
76 1233.55 4.62108
77 1249.38 4.54749
78 1263.66 4.47506
79 1276.91 4.40378
80 1294.05 4.33362
81 1308.06 4.26457
82 1324.2 4.1966
83 1338.81 4.1297
84 1358.81 4.06384
85 1372.26 3.99901
86 1385.95 3.9352
87 1402.2 3.87238
88 1415.71 3.81054
89 1433.45 3.74966
90 1449.31 3.68973
91 1466.86 3.63073
92 1485.2 3.57265
93 1500.3 3.51547
94 1514.66 3.45918
95 1527.67 3.40376
96 1541.21 3.34921
97 1554.53 3.2955
98 1568.23 3.24263
99 1582.13 3.19057
100 1595.31 3.13933
101 1608.32 3.08889
102 1622.65 3.03923
103 1638.52 2.99034
104 1658.69 2.94222
105 1673.48 2.89485
106 1687.37 2.84821
107 1700.77 2.8023
108 1713.7 2.75711
109 1726.95 2.71263
110 1740.66 2.66884
111 1753.84 2.62573
112 1766.57 2.5833
113 1780.06 2.54154
114 1793.26 2.50043
115 1806.65 2.45997
116 1819.77 2.42014
117 1832.86 2.38094
118 1849.4 2.34235
119 1862.96 2.30437
120 1875.74 2.26699
121 1889.33 2.2302
122 1902.59 2.194
123 1915.75 2.15836
124 1929.03 2.12329
125 1942.2 2.08877
126 1955.23 2.0548
127 1968.17 2.02137
128 1981.44 1.98846
129 1994.8 1.95609
130 2007.94 1.92422
131 2021.41 1.89286
132 2034.59 1.862
133 2050.64 1.83164
134 2064.17 1.80176
135 2077.3 1.77235
136 2090.5 1.74341
137 2103.98 1.71494
138 2117.37 1.68692
139 2130.85 1.65935
140 2144.95 1.63222
141 2158.37 1.60553
142 2171.69 1.57927
143 2184.96 1.55342
144 2198.67 1.528
145 2211.85 1.50298
146 2224.8 1.47836
147 2237.93 1.45414
148 2253.74 1.43031
149 2269.38 1.40686
150 2282.69 1.3838
151 2295.81 1.3611
152 2309.11 1.33877
153 2322.25 1.3168
154 2335.75 1.29519
155 2351.69 1.27393
156 2366.36 1.25301
157 2379.96 1.23243
158 2393.52 1.21218
159 2406.94 1.19226
160 2419.95 1.17267
161 2433.27 1.15339
162 2446.67 1.13442
163 2460.87 1.11577
164 2474.79 1.09741
165 2488.83 1.07936
166 2502.45 1.0616
167 2515.99 1.04413
168 2530.49 1.02694
169 2543.93 1.01003
170 2557.61 0.993399
171 2571.14 0.977038
172 2584.24 0.960944
173 2597.5 0.945113
174 2610.9 0.92954
175 2624.62 0.914222
176 2637.97 0.899153
177 2654.6 0.884331
178 2673.78 0.869751
179 2691.45 0.85541
180 2706.02 0.841303
181 2720.22 0.827427
182 2733.59 0.813778
183 2746.52 0.800353
184 2759.57 0.787148
185 2772.68 0.774158
186 2785.8 0.761382
187 2798.82 0.748815
188 2811.97 0.736455
189 2825.58 0.724297
190 2840.63 0.712338
191 2854.35 0.700576
192 2870.23 0.689007
193 2883.77 0.677627
194 2897.15 0.666435
195 2910.53 0.655426
196 2923.8 0.644599
197 2937.02 0.633949
198 2952.98 0.623474
199 2966.2 0.613172
200 2979.43 0.603039
201 2992.5 0.593073
202 3005.22 0.58327
203 3018.44 0.573629
204 3031.63 0.564147
205 3044.92 0.55482
206 3058.71 0.545647
207 3073.81 0.536626
208 3087.13 0.527752
209 3100.25 0.519025
210 3113.65 0.510442
211 3127.08 0.502
212 3140.28 0.493698
213 3153.44 0.485532
214 3166.46 0.4775
215 3179.79 0.469602
216 3193.06 0.461833
217 3206.71 0.454192
218 3219.68 0.446678
219 3233.87 0.439287
220 3246.95 0.432019
221 3260.99 0.42487
222 3276.15 0.417839
223 3289.7 0.410925
224 3303.34 0.404124
225 3316.52 0.397436
226 3329.95 0.390858
227 3343.09 0.384389
228 3356.24 0.378026
229 3369.83 0.371769
230 3383.3 0.365615
231 3396.48 0.359562
232 3409.7 0.35361
233 3422.88 0.347756
234 3435.92 0.341999
235 3449.9 0.336336
236 3463.35 0.330768
237 3480.19 0.325291
238 3493.52 0.319905
239 3506.99 0.314608
240 3520.11 0.309398
241 3536.13 0.304275
242 3549.81 0.299236
243 3563.05 0.294281
244 3576.49 0.289407
245 3589.38 0.284614
246 3602.24 0.279901
247 3615.59 0.275265
248 3629.1 0.270706
249 3642.4 0.266222
250 3656.87 0.261813
251 3670.77 0.257476
252 3685.5 0.253212
253 3700.88 0.249017
254 3718.34 0.244893
255 3732.07 0.240836
256 3747.37 0.236847
257 3760.79 0.232923
258 3775.12 0.229065
259 3788.61 0.22527
260 3802.12 0.221538
261 3815.49 0.217868
262 3831.84 0.214259
263 3846.23 0.210709
264 3860.14 0.207218
265 3873.41 0.203785
266 3888.02 0.200409
267 3903.24 0.197088
268 3917.49 0.193823
269 3933.16 0.190611
270 3946.77 0.187453
271 3960.28 0.184347
272 3973.54 0.181293
273 3987.49 0.178289
274 4001.05 0.175335
275 4014.72 0.172429
276 4028.19 0.169572
277 4041.62 0.166762
278 4055.19 0.163999
279 4068.72 0.161282
280 4082.33 0.158609
281 4098.48 0.155981
282 4112.75 0.153396
283 4126.9 0.150854
284 4140.37 0.148354
285 4153.58 0.145896
286 4166.96 0.143478
287 4180.01 0.1411
288 4193.53 0.138762
289 4207.36 0.136462
290 4221.23 0.134201
291 4237.46 0.131977
292 4252.69 0.12979
293 4267.3 0.127639
294 4280.58 0.125524
295 4294.74 0.123443
296 4308.92 0.121397
297 4322.31 0.119386
298 4335.44 0.117407
299 4348.52 0.115461
300 4361.86 0.113548
301 4374.88 0.111666
302 4399.09 0.109815
303 4413.21 0.107995
304 4426.81 0.106205
305 4440.29 0.104445
306 4454.32 0.102714
307 4467.85 0.101011
308 4482.02 0.0993372
309 4495.65 0.0976908
310 4509.35 0.0960717
311 4523.01 0.0944793
312 4536.32 0.0929134
313 4549.28 0.0913734
314 4562.99 0.089859
315 4580.64 0.0883696
316 4594.44 0.0869049
317 4609.53 0.0854645
318 4625.81 0.0840479
319 4641.58 0.0826548
320 4656.99 0.0812848
321 4676.73 0.0799375
322 4690.53 0.0786126
323 4704.02 0.0773096
324 4718.22 0.0760282
325 4732.46 0.074768
326 4745.92 0.0735287
327 4759.71 0.0723099
328 4773.39 0.0711114
329 4790.89 0.0699327
330 4807.8 0.0687735
331 4821.62 0.0676336
332 4839.1 0.0665125
333 4855.49 0.06541
334 4871.14 0.0643258
335 4885.98 0.0632596
336 4900.68 0.062211
337 4914.77 0.0611798
338 4928.94 0.0601657
339 4942.5 0.0591684
340 4956.89 0.0581876
341 4970.86 0.0572231
342 4984.53 0.0562746
343 4998.78 0.0553418
344 5014.46 0.0544245
345 5028.77 0.0535223
346 5042.47 0.0526351
347 5055.84 0.0517627
348 5069.6 0.0509046
349 5084.63 0.0500608
350 5100.58 0.049231
351 5114.43 0.048415
352 5129.45 0.0476124
353 5143.28 0.0468232
354 5157.55 0.046047
355 5171.34 0.0452838
356 5185.24 0.0445331
357 5199.05 0.0437949
358 5212.93 0.043069
359 5226.65 0.042355
360 5240.98 0.041653
361 5254.23 0.0409625
362 5268.12 0.0402835
363 5281.53 0.0396157
364 5295.1 0.038959
365 5308.68 0.0383132
366 5323.13 0.0376781
367 5337.67 0.0370536
368 5351.62 0.0364394
369 5365.32 0.0358353
370 5379.04 0.0352413
371 5392.81 0.0346571
372 5406.58 0.0340826
373 5420.43 0.0335176
374 5433.81 0.032962
375 5475.74 0.0324156
376 5489 0.0318783
377 5506.25 0.0313499
378 5519.45 0.0308302
379 5533.99 0.0303191
380 5548.27 0.0298165
381 5563.63 0.0293223
382 5577.61 0.0288362
383 5590.24 0.0283582
384 5604.99 0.0278881
385 5619.91 0.0274258
386 5633.5 0.0269712
387 5646.79 0.0265241
388 5661.57 0.0260844
389 5679.34 0.025652
390 5694.47 0.0252268
391 5711.06 0.0248086
392 5724.79 0.0243974
393 5739.31 0.0239929
394 5753.57 0.0235952
395 5767.67 0.0232041
396 5781.39 0.0228194
397 5795.6 0.0224411
398 5808.48 0.0220691
399 5822.29 0.0217033
400 5836.04 0.0213435
401 5853.14 0.0209897
402 5870.83 0.0206418
403 5883.94 0.0202996
404 5897.63 0.0199631
405 5911.48 0.0196322
406 5925.18 0.0193067
407 5938.32 0.0189867
408 5951.38 0.0186719
409 5965.41 0.0183624
410 5978.31 0.018058
411 5991.5 0.0177587
412 6004.98 0.0174643
413 6018.25 0.0171748
414 6030.81 0.0168901
415 6044.1 0.0166101
416 6057.77 0.0163347
417 6071.3 0.016064
418 6084.81 0.0157977
419 6097.42 0.0155358
420 6125.48 0.0152783
421 6138.24 0.015025
422 6151.15 0.0147759
423 6163.62 0.014531
424 6179.36 0.0142901
425 6193.84 0.0140532
426 6207.46 0.0138203
427 6220.9 0.0135912
428 6235.01 0.0133659
429 6248.2 0.0131443
430 6260.75 0.0129264
431 6274.67 0.0127121
432 6289.01 0.0125014
433 6302.58 0.0122941
434 6316.55 0.0120903
