0 19.6392 741.542
1 35.3245 242.706
2 52.0253 228.867
3 67.3428 216.128
4 81.2224 204.22
5 98.3998 193.066
6 113.915 182.602
7 130.654 172.781
8 149.768 163.558
9 166.877 154.893
10 183.794 146.759
11 202.949 139.129
12 220.833 131.96
13 234.226 125.226
14 250.291 118.902
15 265.253 112.958
16 282.959 107.374
17 299.699 102.127
18 317.372 97.1963
19 331.424 92.5622
20 355.039 88.2074
21 370.813 84.1139
22 387.105 80.266
23 409.524 76.6487
24 433.491 73.247
25 450.25 70.0479
26 467.958 67.0383
27 492.589 64.206
28 516.088 61.54
29 533.506 59.0293
30 549.576 56.6639
31 563.429 54.4346
32 582.093 52.3327
33 597.956 50.3502
34 614.674 48.4796
35 630.26 46.7141
36 645.429 45.0472
37 660.549 43.4731
38 674.075 41.9861
39 691.391 40.5812
40 704.745 39.2533
41 722.832 37.9977
42 739.601 36.8097
43 753.959 35.685
44 775.093 34.619
45 792.576 33.6074
46 814.807 32.6459
47 831.698 31.7302
48 854.835 31.44
49 868.735 30.5217
50 885.977 29.5905
51 900.921 28.7246
52 916.848 28.0282
53 941.139 27.3018
54 960.458 26.6242
55 978.136 25.9794
56 1001.44 25.3412
57 1023.1 24.7319
58 1036.38 24.137
59 1053.32 23.5477
60 1067.58 22.9767
61 1087.13 22.4152
62 1107.86 21.8609
63 1124.4 21.3224
64 1144.95 20.7942
65 1158.39 20.274
66 1180.29 19.7676
67 1200.19 19.2722
68 1223.67 18.7856
69 1245.16 18.3121
70 1266.64 17.8513
71 1284.76 17.3994
72 1311.19 16.9589
73 1329.79 16.531
74 1343.05 16.1129
75 1358.52 15.7047
76 1372.03 15.3078
77 1390.35 14.9218
78 1406.47 14.5451
79 1420.6 14.1785
80 1437.23 13.8227
81 1451 13.4761
82 1464.84 13.1381
83 1478.49 12.809
84 1495.22 12.4885
85 1511.32 12.1755
86 1531.49 11.869
87 1545.01 11.5692
88 1558.7 11.2754
89 1573.39 10.9868
90 1587.52 10.7027
91 1602.91 10.423
92 1616.25 10.1469
93 1629.68 9.87397
94 1642.84 9.60361
95 1656.67 9.33555
96 1670.59 9.06947
97 1686.33 25.8314
98 1699.58 6.01183
99 1713.88 2.8277
100 1727.16 2.03574
101 1741.39 1.73328
102 1754.83 1.45944
103 1772.69 1.33197
104 1786.34 1.25211
105 1801.86 1.17093
106 1816.43 1.10414
107 1829.54 1.04235
108 1843.02 0.984308
109 1857.08 0.935871
110 1871.76 0.887437
111 1885.26 0.843235
112 1898.59 0.803236
113 1911.9 0.763809
114 1925.45 0.726616
115 1939.06 0.692903
116 1952.72 0.661002
117 1966.27 0.630862
118 1979.76 0.602575
119 1993.16 0.575992
120 2006.22 0.551178
121 2019.83 0.527451
122 2033.36 0.504948
123 2047.22 0.483899
124 2061.01 0.464057
125 2075.82 0.445343
126 2090.84 0.427699
127 2104.3 0.411041
128 2117.55 0.395278
129 2131.16 0.380305
130 2144.61 0.366208
131 2157.9 0.352888
132 2171.24 0.340277
133 2185.18 0.328399
134 2198.4 0.317245
135 2217.16 0.306796
136 2230.43 0.297019
137 2243.95 0.287939
138 2258.06 0.279609
139 2272.91 0.271993
140 2286.33 0.265119
141 2299.95 0.259022
142 2313.23 0.253691
143 2326.64 0.249154
144 2340.13 0.245421
145 2353.66 0.242521
146 2367.36 0.238429
147 2381.03 0.220022
148 2394.26 0.199166
149 2407.28 0.200357
150 2420.36 0.195357
151 2433.67 0.191693
152 2446.95 0.181074
153 2460.39 0.176515
154 2474.73 0.172054
155 2489.18 0.1663
156 2502.56 0.16121
157 2515.97 0.155529
158 2529.02 0.149997
159 2546.35 0.145743
160 2560.66 0.141653
161 2575.4 0.137607
162 2588.75 0.134085
163 2602.3 0.130717
164 2615.52 0.127566
165 2629.37 0.124565
166 2642.47 0.121394
167 2656.07 0.118391
168 2671.26 0.11541
169 2686.63 0.112502
170 2699.83 0.109797
171 2713.8 0.107048
172 2726.84 0.104367
173 2740.22 0.101716
174 2753.81 0.0991052
175 2767.39 0.0966028
176 2781.09 0.0942111
177 2794.66 0.0917784
178 2807.87 0.0894337
179 2820.95 0.0871285
180 2833.83 0.0848978
181 2846.96 0.082722
182 2860.45 0.08059
183 2873.98 0.0784755
184 2887.78 0.0764437
185 2903.95 0.0744491
186 2917.04 0.0725203
187 2931.29 0.0706376
188 2945.11 0.0687946
189 2959.23 0.0670017
190 2972.32 0.0652913
191 2985.97 0.0636422
192 2999.04 0.0620463
193 3013.72 0.0605265
194 3027.7 0.0590728
195 3040.76 0.160136
196 3054.82 0.0499317
197 3068.2 0.0223843
198 3081.75 0.0138282
199 3094.8 0.0118258
200 3108.82 0.00987368
201 3123.63 0.00956986
202 3137.37 0.0086409
203 3150.81 0.0082876
204 3164.83 0.00795844
205 3196.01 0.00745753
206 3212.22 0.00701501
207 3225.21 0.00670274
208 3239.04 0.00642323
209 3252.91 0.00610447
210 3266.22 0.00579913
211 3279.67 0.00554531
212 3292.63 0.00530923
213 3305.2 0.00509609
214 3320.16 0.00487263
215 3334.35 0.00464973
216 3347.53 0.00445986
217 3360.42 0.00428244
218 3373.67 0.00412834
