0 13.3768 254.802
1 27.4694 113.657
2 42.9257 77.5305
3 56.3438 57.4739
4 69.9137 45.5805
5 83.316 38.0253
6 96.943 32.8739
7 111.414 29.1345
8 126.073 26.281
9 140.44 24.0191
10 158.86 22.1737
11 173.165 20.6343
12 192.02 19.3273
13 210.299 18.2015
14 228.814 17.2204
15 242.138 16.3567
16 255.19 15.59
17 268.288 14.9043
18 281.373 14.2873
19 295.018 13.7289
20 308.178 13.2211
21 323.266 12.7572
22 337.068 12.3317
23 350.791 11.9401
24 364.04 11.5783
25 380.05 11.2431
26 394.74 10.9314
27 410.604 10.641
28 430.809 10.3695
29 450.465 10.115
30 473.033 9.87586
31 486.117 9.6506
32 501.904 9.43788
33 520.763 9.23653
34 542.787 9.04549
35 568.417 8.86384
36 588.651 8.69072
37 609.495 8.52539
38 628.281 8.36719
39 644.042 8.21549
40 660.187 8.06976
41 677.834 7.92951
42 698.806 7.7943
43 718.272 7.66373
44 732.798 7.53746
45 754.528 7.41515
46 769.065 7.29651
47 785.003 7.1813
48 802.948 7.06926
49 817.251 6.9602
50 835.428 6.85391
51 850.058 6.75023
52 863.359 6.64899
53 880.322 6.55006
54 900.913 6.4533
55 916.439 6.3586
56 936.086 6.26585
57 949.404 6.17496
58 962.334 6.08584
59 978.694 5.9984
60 994.097 5.91258
61 1007.26 5.8283
62 1022.24 5.74551
63 1041.31 5.66415
64 1056.4 5.58417
65 1071.64 5.50552
66 1085.98 5.42815
67 1099.95 5.35203
68 1117.79 5.27712
69 1132.28 5.20338
70 1148.29 5.13078
71 1164.43 5.05929
72 1180.35 4.98888
73 1197.06 4.91953
74 1221.08 4.8512
75 1236.59 4.78388
76 1252.74 4.71755
77 1268.59 4.65218
78 1286.44 4.58774
79 1302.64 4.52424
80 1319.23 4.46163
81 1338.08 4.39992
82 1352.02 4.33908
83 1365.72 4.27909
84 1378.45 4.21994
85 1391.61 4.16162
86 1405.26 4.10411
87 1418.3 4.0474
88 1431.95 3.99148
89 1445.72 3.93632
90 1465.94 3.88193
91 1479.85 3.82828
92 1493.29 3.77538
93 1506.96 3.72319
94 1521.29 3.67173
95 1538.2 3.62096
96 1553.84 3.57089
97 1568.02 3.5215
98 1581.32 3.47279
99 1594.1 3.42473
100 1610.96 3.37734
101 1624.77 3.33058
102 1638.99 3.28447
103 1652.74 3.23897
104 1666.31 3.1941
105 1679.59 3.14984
106 1693.96 3.10618
107 1707.49 3.06311
108 1720.51 3.02062
109 1734.01 2.97871
110 1747.01 2.93737
111 1760.27 2.89659
112 1773.76 2.85637
113 1787.38 2.81669
114 1800.55 2.77755
115 1813.75 2.73894
116 1826.99 2.70086
117 1842.28 2.66329
118 1857.04 2.62623
119 1870.7 2.58968
120 1886.25 2.55363
121 1901.08 2.51806
122 1914.36 2.48298
123 1927.62 2.44838
124 1940.86 2.41424
125 1954.18 2.38058
126 1967.55 2.34737
127 1980.66 2.31461
128 1994.08 2.28231
129 2007.67 2.25044
130 2020.73 2.21901
131 2033.92 2.188
132 2048.03 2.15742
133 2062.09 2.12726
134 2075.19 2.09751
135 2088.27 2.06817
136 2101.82 2.03924
137 2115.12 2.01069
138 2128.57 1.98254
139 2142 1.95478
140 2156.35 1.92739
141 2169.58 1.90039
142 2182.67 1.87375
143 2195.99 1.84748
144 2209.37 1.82157
145 2223.08 1.79602
146 2236.45 1.77082
147 2251.36 1.74596
148 2265.22 1.72145
149 2282.82 1.69728
150 2295.98 1.67344
151 2308.88 1.64993
152 2322.09 1.62675
153 2335.1 1.60388
154 2348.3 1.58133
155 2361.47 1.55909
156 2374.62 1.53717
157 2388.19 1.51554
158 2401.46 1.49421
159 2414.72 1.47318
160 2428.24 1.45244
161 2441.01 1.43199
162 2455.77 1.41183
163 2473.82 1.39194
164 2489.83 1.37233
165 2503.08 1.35299
166 2516.18 1.33392
167 2529.48 1.31511
168 2542.7 1.29657
169 2556.03 1.27829
170 2569.31 1.26026
171 2582.12 1.24248
172 2595.38 1.22495
173 2608.46 1.20766
174 2621.41 1.19061
175 2634.55 1.17381
176 2648.12 1.15723
177 2668.24 1.14089
178 2688.78 1.12478
179 2702.2 1.10889
180 2720.25 1.09322
181 2733.28 1.07778
182 2746.39 1.06255
183 2760.04 1.04753
184 2775.32 1.03272
185 2788.56 1.01812
186 2801.78 1.00372
187 2815.12 0.98953
188 2828.11 0.975535
189 2841.51 0.961736
190 2854.61 0.948131
191 2868.59 0.934716
192 2881.95 0.92149
193 2894.79 0.90845
194 2908.37 0.895592
195 2921.45 0.882915
196 2934.57 0.870416
197 2947.84 0.858093
198 2960.8 0.845943
199 2973.75 0.833964
200 2988.14 0.822153
201 3001.21 0.810508
202 3014.64 0.799027
203 3027.87 0.787708
204 3041.03 0.776548
205 3054.48 0.765545
206 3070.36 0.754697
207 3084.15 0.744002
208 3097.43 0.733458
209 3110.76 0.723062
210 3124.51 0.712812
211 3138.51 0.702707
212 3156.13 0.692745
213 3170.21 0.682923
214 3183.37 0.673239
215 3196.73 0.663693
216 3209.84 0.654281
217 3224.42 0.645001
218 3237.65 0.635853
219 3251.33 0.626834
220 3265.29 0.617942
221 3280.74 0.609176
222 3294 0.600533
223 3307.45 0.592013
224 3321.46 0.583613
225 3334.52 0.575331
226 3348.05 0.567167
227 3361.07 0.559118
228 3374.47 0.551183
229 3387.71 0.54336
230 3400.91 0.535648
231 3414.09 0.528045
232 3427.21 0.520549
233 3440.11 0.513159
234 3453.4 0.505874
235 3469.27 0.498692
236 3484.2 0.491611
237 3498.43 0.484631
238 3511.9 0.47775
239 3525.95 0.470966
240 3539.14 0.464278
241 3552.25 0.457685
242 3565.58 0.451185
243 3578.66 0.444777
244 3592.01 0.43846
245 3606.7 0.432232
246 3619.61 0.426093
247 3633.91 0.42004
248 3646.92 0.414074
249 3660.28 0.408191
250 3673.63 0.402393
251 3689.74 0.396676
252 3704.87 0.39104
253 3720.17 0.385485
254 3733.42 0.380008
255 3746.73 0.374609
256 3760.28 0.369286
257 3773.91 0.364039
258 3790.06 0.358866
259 3803.51 0.353766
260 3817.12 0.348739
261 3830.62 0.343783
262 3844.23 0.338898
263 3859.12 0.334081
264 3875.12 0.329333
265 3888.77 0.324653
266 3903.02 0.320039
267 3916.6 0.31549
268 3932.08 0.311006
269 3947.83 0.306585
270 3961.38 0.302227
271 3974.83 0.297931
272 3988.25 0.293696
273 4001.56 0.289521
274 4015 0.285406
275 4028.49 0.281349
276 4041.79 0.277349
277 4055.52 0.273406
278 4069.04 0.269519
279 4082.59 0.265688
280 4097.38 0.261911
281 4112.09 0.258187
282 4125.88 0.254516
283 4139.24 0.250898
284 4152.5 0.24733
285 4166.01 0.243814
286 4179.61 0.240347
287 4193.27 0.23693
288 4206.8 0.233561
289 4220.24 0.23024
290 4237.09 0.226966
291 4250.93 0.223739
292 4264.25 0.220557
293 4278.07 0.217421
294 4291.13 0.214329
295 4305.06 0.211282
296 4318.48 0.208277
297 4332.12 0.205315
298 4345.57 0.202396
299 4358.58 0.199517
300 4372 0.19668
301 4397.47 0.193883
302 4411.84 0.191126
303 4425.64 0.188408
304 4438.95 0.185728
305 4452.21 0.183087
306 4465.45 0.180483
307 4479.14 0.177916
308 4492.6 0.175386
309 4507.07 0.172891
310 4521.15 0.170432
311 4534.45 0.168008
312 4547.32 0.165619
313 4561.05 0.163263
314 4574.84 0.160941
315 4588.14 0.158652
316 4601.52 0.156395
317 4614.68 0.154171
318 4627.9 0.151978
319 4642.08 0.149816
320 4656.72 0.147686
321 4673.93 0.145585
322 4687.23 0.143514
323 4700.64 0.141473
324 4714.46 0.13946
325 4728.35 0.137477
326 4741.86 0.135521
327 4755.28 0.133594
328 4768.84 0.131693
329 4784.92 0.12982
330 4800.62 0.127973
331 4815.26 0.126153
332 4835.83 0.124358
333 4849.65 0.122589
334 4863.66 0.120846
335 4881.51 0.119127
336 4895.12 0.117432
337 4908.16 0.115761
338 4922.9 0.114115
339 4936.65 0.112491
340 4950.96 0.110891
341 4964.49 0.109314
342 4978.07 0.107759
343 4992.27 0.106226
344 5009.61 0.104715
345 5023.85 0.103225
346 5037.9 0.101757
347 5052.6 0.100309
348 5066.88 0.098882
349 5080.24 0.0974753
350 5095.41 0.0960886
351 5109.19 0.0947216
352 5124.91 0.0933741
353 5139.87 0.0920457
354 5153.5 0.0907363
355 5166.96 0.0894454
356 5181.27 0.088173
357 5194.53 0.0869186
358 5208.81 0.085682
359 5222.75 0.0844631
360 5236.78 0.0832615
361 5250.56 0.0820769
362 5263.71 0.0809093
363 5277.48 0.0797582
364 5291.87 0.0786235
365 5305.25 0.077505
366 5318.62 0.0764023
367 5333.71 0.0753154
368 5347.11 0.0742439
369 5361.09 0.0731876
370 5377.64 0.0721464
371 5391.12 0.0711199
372 5404.51 0.0701081
373 5418.15 0.0691107
374 5432.52 0.0681275
375 5472.45 0.0671582
376 5488.32 0.0662027
377 5504.85 0.0652609
378 5517.81 0.0643324
379 5531.33 0.0634171
380 5546.15 0.0625149
381 5563.28 0.0616255
382 5576.88 0.0607487
383 5589.95 0.0598844
384 5604.48 0.0590324
385 5618.94 0.0581925
386 5632.83 0.0573646
387 5645.73 0.0565485
388 5660.21 0.0557439
389 5678.63 0.0549508
390 5694.96 0.054169
391 5710.63 0.0533983
392 5724.35 0.0526386
393 5738.6 0.0518897
394 5752.21 0.0511514
395 5766.22 0.0504237
396 5779.81 0.0497062
397 5793.12 0.048999
398 5807.48 0.0483019
399 5822.68 0.0476147
400 5835.99 0.0469372
401 5855.26 0.0462694
402 5876.08 0.0456111
403 5890.71 0.0449622
404 5904.8 0.0443225
405 5918.7 0.0436919
406 5932.5 0.0430702
407 5946.51 0.0424574
408 5960.7 0.0418534
409 5975.22 0.0412579
410 5988.66 0.0406709
411 6002.08 0.0400922
412 6015.05 0.0395218
413 6028.57 0.0389595
414 6041.51 0.0384052
415 6055.59 0.0378587
416 6069.12 0.0373201
417 6082.72 0.0367891
418 6095.45 0.0362657
419 6108.4 0.0357497
420 6125.46 0.035241
421 6137.98 0.0347396
422 6150.56 0.0342453
423 6164.16 0.0337581
424 6179.49 0.0332778
425 6193.73 0.0328043
426 6208 0.0323376
427 6220.73 0.0318775
428 6233.99 0.0314239
429 6247.36 0.0309768
430 6260.44 0.0305361
431 6274.28 0.0301016
432 6288.1 0.0296733
433 6301.78 0.0292511
434 6315.67 0.0288349
435 6329.49 0.0284247
436 6342.64 0.0280202
437 6356.05 0.0276216
438 6369.8 0.0272286
439 6383.58 0.0268411
440 6396.64 0.0264592
441 6409.41 0.0260828
442 6422.66 0.0257117
443 6435.61 0.0253458
444 6447.88 0.0249852
445 6460.93 0.0246297
446 6473.78 0.0242793
447 6486.69 0.0239338
448 6499.63 0.0235933
449 6513.59 0.0232576
450 6527.08 0.0229267
451 6540.05 0.0226005
452 6553.79 0.0222789
453 6568.25 0.0219619
454 6581.49 0.0216495
455 6615.88 0.0213414
456 6630.67 0.0210378
457 6644.23 0.0207384
458 6657.09 0.0204434
459 6671.01 0.0201525
460 6685.96 0.0198658
461 6699.8 0.0195831
462 6713.53 0.0193045
463 6726.72 0.0190298
464 6740.14 0.018759
465 6754 0.0184921
466 6768.34 0.018229
467 6782.05 0.0179696
468 6794.77 0.017714
469 6808.27 0.0174619
470 6823.08 0.0172135
471 6836.82 0.0169686
472 6850.38 0.0167271
473 6864.58 0.0164891
474 6876.95 0.0162545
475 6889.5 0.0160232
476 6907.99 0.0157953
477 6926.2 0.0155705
478 6945.06 0.015349
479 6957.77 0.0151306
480 6971.13 0.0149153
481 6983.35 0.0147031
482 6997 0.0144939
483 7009.93 0.0142877
484 7025.53 0.0140844
485 7040.96 0.013884
486 7056.09 0.0136864
487 7068.91 0.0134917
488 7081.42 0.0132997
489 7094.19 0.0131105
490 7106.97 0.0129239
491 7119.22 0.0127401
492 7131.6 0.0125588
493 7144.09 0.0123801
494 7156.75 0.0122039
495 7185.87 0.0120303
