0 17.636 1101.81
1 34.8434 303.289
2 48.515 298.574
3 65.8506 294.075
4 81.887 289.681
5 101.647 285.378
6 118.91 281.158
7 133.535 277.007
8 151.272 272.922
9 169.243 268.899
10 190.84 264.944
11 205.668 261.057
12 223.868 257.217
13 243.015 253.431
14 256.949 249.7
15 270.807 246.016
16 288.906 242.385
17 303.495 238.8
18 319.616 235.264
19 334.96 231.773
20 349.41 228.329
21 365.131 224.928
22 383.035 221.57
23 404.924 218.254
24 421.649 214.976
25 437.181 211.737
26 450.185 208.533
27 471.982 205.363
28 486.972 202.226
29 505.096 199.12
30 519.479 196.045
31 542.796 193.002
32 566.289 189.993
33 584.133 187.021
34 604.003 184.093
35 617.408 181.217
36 632.854 178.402
37 646.316 175.658
38 659.378 173
39 675.924 170.439
40 691.664 167.99
41 709.152 165.665
42 726.465 163.477
43 745.982 161.434
44 768.384 159.545
45 788.524 157.811
46 802.314 156.232
47 821.747 154.801
48 836.891 159.907
49 856.919 157.466
50 874.283 159.593
51 891.89 156.526
52 911.173 154.912
53 928.964 154.126
54 946.387 153.373
55 960.836 153.188
56 979.535 153.137
57 992.654 153.015
58 1009.21 153.189
59 1026.55 153.321
60 1044.12 153.49
61 1060.41 153.772
62 1081.17 153.948
63 1094.13 154.147
64 1113.04 154.387
65 1132.66 154.566
66 1151.61 154.72
67 1167.73 154.883
68 1190.59 154.99
69 1212.63 155.057
70 1230.17 155.124
71 1248.05 155.157
72 1261.02 155.143
73 1273.84 155.105
74 1293.08 155.051
75 1307.3 154.958
76 1321.5 154.838
77 1336.39 154.704
78 1352.14 154.539
79 1367.56 154.351
80 1383.17 154.148
81 1397.37 153.933
82 1414.74 153.692
83 1429.53 153.429
84 1448.68 153.158
85 1461.69 152.873
86 1475.14 152.566
87 1487.98 152.245
88 1501.18 151.909
89 1515.39 151.558
90 1528.3 151.19
91 1541.2 150.804
92 1554.02 150.401
93 1566.83 149.978
94 1579.79 149.533
95 1592.78 149.067
96 1606.19 148.578
97 1619.12 537.1
98 1633.04 438.163
99 1646.04 126.463
100 1661.59 116.688
101 1674.57 111.831
102 1687.29 108.558
103 1700.78 107.255
104 1715.97 104.754
105 1731.86 103.043
106 1746.58 101.338
107 1759.58 99.4724
108 1774.29 97.94
109 1788.33 96.4859
110 1801.93 94.9175
111 1817.41 93.4281
112 1832.07 92.0475
113 1848.23 90.6675
114 1863.11 89.2151
115 1876.26 87.8433
116 1891.68 86.541
117 1904.68 85.2223
118 1917.66 83.9067
119 1930.53 82.6142
120 1943.64 81.3719
121 1959.21 80.1423
122 1972.07 78.9198
123 1985.63 77.7039
124 2000.32 76.5423
125 2013.52 75.3871
126 2031.71 74.2562
127 2046.91 73.1556
128 2062.2 72.0898
129 2075.9 71.0351
130 2092 70.0063
131 2105.83 69.0203
132 2118.68 68.0586
133 2134.28 67.1316
134 2149 66.2358
135 2163.11 65.38
136 2177.76 64.5612
137 2193.82 63.768
138 2208.21 63.0147
139 2226 62.2998
140 2239.41 61.6209
141 2252.54 60.978
142 2267.76 60.3722
143 2280.91 59.8044
144 2294.5 59.2735
145 2310.62 58.7703
146 2323.68 65.3591
147 2337.16 63.1977
148 2352.66 65.3906
149 2366.62 61.6207
150 2379.98 59.6143
151 2394.21 60.1556
152 2408.36 58.0689
153 2421.87 58.0271
154 2435.88 58.0607
155 2450.43 57.2715
156 2464.78 57.1599
157 2478.57 57.2022
158 2493.08 57.0476
159 2506.08 56.921
160 2519 57.0013
161 2535.1 57.0777
162 2549.5 57.0002
163 2564.93 56.9554
164 2580.06 56.9406
165 2596.23 57.0106
166 2610.61 57.0457
167 2624.8 57.0438
168 2642.5 57.0417
169 2656.25 57.0255
170 2672.08 57.0367
171 2685.55 57.0649
172 2699.52 57.066
173 2712.28 57.077
174 2725.4 57.0598
175 2740.57 57.0311
176 2753.76 57.021
177 2767.71 56.9871
178 2781.17 56.9489
179 2794.89 56.9079
180 2808.46 56.8565
181 2821.86 56.8042
182 2841.04 56.7543
183 2862.03 56.6738
184 2877.77 56.5859
185 2892.95 56.4986
186 2907.8 56.4049
187 2921.13 56.3103
188 2938.65 56.2045
189 2951.5 56.0831
190 2965.82 55.9554
191 2978.91 55.8335
192 2991.94 55.6896
193 3007.57 55.5438
194 3021.29 55.3858
195 3035.57 192.522
196 3056.02 174.29
197 3069.98 51.3168
198 3085.01 42.1702
199 3100.25 43.9544
200 3116.07 40.0102
201 3130.99 40.3973
202 3144.59 39.0003
203 3157.84 37.8959
204 3171.91 37.6075
205 3185.38 37.0382
206 3198.79 36.1437
207 3214.6 35.5758
208 3228.34 35.1838
209 3249.77 34.6713
210 3262.9 34.0549
211 3275.73 33.512
212 3292.04 32.977
213 3305.17 32.5572
214 3318.03 32.0766
215 3331.59 31.5696
216 3344.83 31.0862
217 3358.98 30.5992
218 3372.2 30.138
219 3385.71 29.7169
220 3401.07 29.2716
221 3414.16 28.844
222 3429.41 28.4357
223 3444.97 28.0288
224 3461.63 27.6232
225 3474.52 27.2409
226 3488.02 26.8772
227 3504.32 26.5142
228 3517.11 26.1566
229 3530.69 25.8228
230 3544.99 25.4996
231 3558.1 25.1664
232 3571.22 24.8551
233 3584.67 24.5621
234 3597.87 24.2781
235 3610.85 24.0009
236 3624.3 23.7394
237 3637.39 23.4854
238 3650.91 23.2503
239 3666.92 23.0226
240 3679.94 22.8047
241 3692.77 22.5978
242 3705.54 22.4085
243 3718.51 22.2224
244 3731.72 26.4434
245 3744.78 26.0834
246 3757.98 25.8941
247 3771.03 22.8157
248 3783.88 23.5668
249 3796.74 22.6134
250 3809.81 21.8397
251 3822.69 22.1302
252 3836.45 21.7168
253 3849.39 21.4935
254 3862.64 21.4424
255 3876.6 21.5792
256 3892.24 21.4089
257 3905.26 21.2706
258 3918.99 21.1672
259 3932.1 21.2096
260 3945.18 21.2167
261 3958.19 21.1669
262 3973.41 21.1589
263 3986.47 21.1383
264 3999.63 21.0897
265 4012.52 21.1185
266 4025.45 21.1204
267 4038.34 21.1129
268 4052.07 21.1151
269 4065.96 21.1242
270 4079.45 21.1013
271 4093.3 21.0945
272 4107.86 21.0903
273 4122.06 21.0891
274 4135.04 21.0783
275 4147.97 21.0704
276 4160.91 21.06
277 4174 21.0539
278 4187.18 21.0457
279 4200.41 21.0268
280 4213.69 21.0121
281 4228.26 20.9922
282 4242.44 20.9634
283 4257.48 20.9392
284 4272.18 20.9122
285 4286.89 20.8865
286 4300.71 20.8631
287 4316.89 20.8331
288 4329.98 20.7982
289 4343.31 20.7609
290 4358.95 20.7163
291 4371.79 20.6708
292 4384.8 20.6222
293 4397.97 68.8084
294 4411 68.3052
295 4426.36 18.2651
296 4439.6 17.183
297 4452.58 15.5927
298 4465.77 15.812
299 4478.84 14.6733
300 4492.92 14.29
301 4508.26 14.4008
302 4523.59 14.0421
303 4537.43 13.7326
304 4553.13 13.3937
305 4568.12 13.2937
306 4583.31 13.1409
307 4596.27 12.866
308 4609.44 12.6912
309 4622.32 12.4692
310 4635.61 12.2785
311 4648.63 12.1203
312 4662.14 11.9324
313 4675.89 11.7525
314 4688.91 11.6085
315 4702.39 11.4284
316 4715.99 11.2557
317 4729.26 11.0935
318 4742.82 10.9356
319 4755.66 10.7731
320 4768.76 10.6086
321 4781.62 10.4664
322 4794.52 10.3374
323 4807.89 10.1943
324 4820.83 10.0678
325 4833.8 9.92866
326 4848.5 9.80216
327 4861.55 9.67914
328 4875.79 9.55762
329 4888.82 9.44312
330 4901.78 9.33315
331 4915.59 9.22919
332 4929.43 9.1325
333 4942.78 9.03607
334 4955.87 8.94232
335 4969.03 8.85416
336 4982.32 8.76563
337 4996.57 8.6809
338 5009.82 8.60027
339 5023.78 8.52448
340 5037.47 8.45137
341 5050.66 8.38332
342 5063.62 10.6884
343 5076.63 10.8812
344 5090.21 9.23306
345 5103.71 9.48212
346 5117.04 8.22297
347 5130.73 8.86448
348 5143.81 8.46988
349 5157.11 8.21692
350 5170.42 8.18623
351 5183.63 8.19562
352 5196.71 8.01903
353 5209.62 8.05452
354 5222.78 7.96572
355 5235.98 7.90629
356 5250.44 7.9634
357 5263.76 7.8958
358 5276.86 7.91559
359 5289.63 7.88452
360 5302.82 7.87789
361 5315.96 7.8523
362 5330.02 7.86155
363 5344.59 7.85344
364 5357.71 7.83865
365 5371.05 7.84057
366 5383.94 7.84442
367 5397.04 7.84834
368 5410.51 7.84179
369 5423.88 7.82388
370 5437.34 7.8276
371 5450.87 7.82379
372 5465.08 7.81924
373 5479 7.81293
374 5492.37 7.80974
375 5506.28 7.80833
376 5519.36 7.8078
377 5533.05 7.80261
378 5546.92 7.79689
379 5559.95 7.79116
380 5573.39 7.78326
381 5587 7.77684
382 5600.51 7.77045
383 5613.69 7.75664
384 5626.83 7.74523
385 5640.36 7.73569
386 5653.16 7.72396
387 5666.48 7.71468
388 5680.42 7.70024
389 5693.77 7.6856
390 5706.77 7.67078
391 5720.32 24.7218
392 5733.25 26.2137
393 5747.7 6.202
394 5760.72 7.13358
395 5773.55 5.66703
396 5787.01 5.74745
397 5800.37 5.65081
398 5814.19 5.46673
399 5827.19 5.25575
400 5840.78 5.1964
401 5855.57 5.15609
402 5869.41 5.04592
403 5883.16 4.97296
404 5896.85 4.90485
405 5911.7 4.7795
406 5926.25 4.74012
407 5939.99 4.64935
408 5953.44 4.5941
409 5967.35 4.53058
410 5981.15 4.48075
411 5994.31 4.40985
412 6007.22 4.31453
413 6021.16 4.26539
414 6040.82 4.20228
415 6063.87 4.13867
416 6077.38 4.07394
417 6092.39 4.02903
418 6108.6 3.97823
419 6122.43 3.93477
420 6137.46 3.87512
421 6151.45 3.81793
422 6165.96 3.76583
423 6179.84 3.71888
424 6192.84 3.67624
425 6205.9 3.6285
426 6219.49 3.58792
427 6233.67 3.54879
428 6246.9 3.51204
429 6260.41 3.47887
430 6273.45 3.43994
431 6286.94 3.40327
432 6300.18 3.36635
433 6314.95 3.33099
434 6329.09 3.29996
435 6342.34 3.27284
436 6356.31 3.24323
437 6370.54 3.2161
438 6384.43 3.19088
439 6399.35 3.16715
440 6412.83 4.30017
441 6431.78 4.4074
442 6445.52 3.32382
443 6459.21 3.69112
444 6472.2 3.30602
445 6485.25 3.12637
446 6498.61 3.34534
447 6512.09 3.17443
448 6525.39 3.06847
449 6538.89 2.99209
450 6552.75 3.03256
451 6566.27 2.97507
452 6580.35 2.98338
453 6594.42 2.9843
454 6608.08 2.99054
455 6621.18 2.93278
456 6633.86 2.9452
457 6646.27 2.93844
458 6658.8 2.92946
459 6672.03 2.92578
460 6685.16 2.93095
461 6698.35 2.94207
462 6710.86 2.93214
463 6723.89 2.91738
464 6736.67 2.92006
465 6748.91 2.91747
466 6762.55 2.91177
467 6776.67 2.9065
468 6789.38 2.90521
469 6802.43 2.90771
470 6814.97 2.9137
471 6828.17 2.91221
472 6841.75 2.90807
473 6854.03 2.90304
474 6866.92 2.89702
475 6880.33 2.89646
476 6893.75 2.89551
477 6905.92 2.89222
478 6918.48 2.89032
479 6930.8 2.8879
480 6943.29 2.88613
481 6956.42 2.88402
482 6969.09 2.88104
483 6982.39 2.87693
484 6996.45 2.87126
485 7008.94 2.86538
486 7022.41 2.86027
487 7035.03 2.85474
488 7047.33 2.84982
489 7060.58 8.8992
490 7073.02 9.93527
491 7086.38 2.27121
492 7102.89 2.70601
493 7115.95 2.27081
494 7129.91 2.05429
495 7143.41 2.12472
496 7156.1 2.02966
497 7168.9 2.00305
498 7181.96 1.96551
499 7194.53 1.89239
500 7208.6 1.90483
501 7222.29 1.84306
502 7235.82 1.82134
503 7249.09 1.81064
504 7262.47 1.79642
505 7275.4 1.74216
506 7288.14 1.71332
507 7300.76 1.68498
508 7313.31 1.6594
509 7325.8 1.63507
510 7338.21 1.61403
511 7350.93 1.59743
512 7363.03 1.58806
513 7375.59 1.55811
514 7388.51 1.53354
515 7400.88 1.50658
516 7417.4 1.48992
517 7430.31 1.47042
518 7443.6 1.44998
519 7456.48 1.43267
520 7469.78 1.41669
521 7482.57 1.39864
522 7495.63 1.38556
523 7507.68 1.36817
524 7520.17 1.35199
525 7532.96 1.33471
526 7545.33 1.3185
527 7557.72 1.30603
528 7570.12 1.29359
529 7582.99 1.28112
530 7595.67 1.26789
531 7608.29 1.25687
532 7621.91 1.24544
533 7635.36 1.2343
534 7647.96 1.2245
535 7661.07 1.21487
536 7674.32 1.2049
537 7687.35 1.19542
538 7700.57 1.72555
539 7712.77 1.71699
540 7725.86 1.27707
541 7738.5 1.37742
542 7751.44 1.32006
543 7764.88 1.2161
544 7777.23 1.22215
545 7789.67 1.14717
546 7802.53 1.16481
547 7819.39 1.16359
548 7834.45 1.12054
549 7847.94 1.12427
550 7861.12 1.11402
551 7873.9 1.10206
552 7886.52 1.10205
553 7898.7 1.11014
554 7911.19 1.11817
555 7923.72 1.09677
556 7936.43 1.09305
557 7949.2 1.09096
558 7962.15 1.09118
559 7975.06 1.08941
560 7987.79 1.08832
561 8000.29 1.08844
562 8012.9 1.09146
563 8026.96 1.092
564 8040.96 1.08887
565 8054.23 1.08471
566 8066.87 1.08224
567 8079.55 1.08212
568 8093.05 1.08104
569 8105.8 1.07955
570 8118.04 1.07858
571 8130.27 1.07863
572 8150.18 1.07727
573 8165.11 1.07778
574 8179.29 1.07804
575 8191.42 1.07709
576 8203.59 1.07553
577 8217.9 1.07354
578 8232.24 1.07183
579 8248.22 1.07001
580 8261.13 1.06905
581 8274.54 1.06734
582 8286.79 1.06512
583 8299.06 1.06346
584 8311.67 1.06193
585 8323.97 1.06031
586 8336.37 1.05842
587 8349 3.21586
588 8361.8 3.72573
589 8374.71 0.906986
590 8387.78 0.989129
591 8400.38 0.879642
592 8413.06 0.805115
593 8426.41 0.775853
594 8439.24 0.751489
595 8453.28 0.734972
596 8466.71 0.740062
597 8479.28 0.737348
598 8491.79 0.698012
599 8504.14 0.700926
600 8516.55 0.6876
601 8529.32 0.669728
602 8541.53 0.65939
603 8553.64 0.654064
604 8566.4 0.651041
605 8578.52 0.631904
606 8592.08 0.619503
607 8604.25 0.611924
608 8616.46 0.60471
609 8628.84 0.59716
610 8641.34 0.587623
611 8653.75 0.58223
612 8668.99 0.573219
613 8682.89 0.568492
614 8695.14 0.560854
615 8707.51 0.551764
616 8719.84 0.544063
617 8731.83 0.536704
618 8744.4 0.530523
619 8757.2 0.525865
620 8769.82 0.518914
621 8782.32 0.51256
622 8794.68 0.507125
623 8806.82 0.50153
624 8819.4 0.496607
625 8831.95 0.492833
626 8844.81 0.48789
627 8857.83 0.482854
628 8872.5 0.478468
629 8885.52 0.475192
630 8899.06 0.470079
631 8912.51 0.465269
632 8925.03 0.461931
633 8938.37 0.458185
634 8950.74 0.454658
635 8962.96 0.450848
636 8975.38 0.693191
637 8988.19 0.662353
638 9000.98 0.517259
639 9013.47 0.517115
640 9025.26 0.489296
641 9038.29 0.500418
642 9051.33 0.426832
643 9063.93 0.442244
644 9076.67 0.425352
645 9093.26 0.426661
646 9105.74 0.439005
647 9118.16 0.42203
648 9131.23 0.415728
649 9143.7 0.415323
650 9156.5 0.410811
651 9169.45 0.409552
652 9181.77 0.41079
653 9194.44 0.412784
654 9206.96 0.414093
655 9219.66 0.410516
656 9233.15 0.406468
657 9246.2 0.405497
658 9259.63 0.406719
659 9272.56 0.406601
660 9285.65 0.404594
661 9299.58 0.404909
662 9313.11 0.403401
663 9326.22 0.404525
664 9338.53 0.404643
665 9351.17 0.403475
666 9363.79 0.403116
667 9377.09 0.402894
668 9389.42 0.401624
669 9401.96 0.400952
670 9415 0.401353
671 9428.33 0.400341
672 9441.32 0.400019
673 9454.53 0.399425
674 9467.08 0.39897
675 9480.22 0.398378
676 9497.29 0.398084
677 9510.7 0.397695
678 9523.3 0.397122
679 9536.24 0.396691
680 9548.92 0.396207
681 9561.17 0.395743
682 9573.99 0.394786
683 9586.61 0.393796
684 9599.14 0.392984
685 9611.47 1.1613
686 9623.36 1.39239
687 9636.57 0.371911
688 9649.18 0.354931
689 9661.73 0.326902
690 9674.38 0.316777
691 9687.24 0.279347
692 9701.3 0.28396
693 9713.96 0.272101
694 9726.86 0.271808
695 9739.29 0.274757
696 9751.8 0.275827
697 9764.25 0.260673
698 9776.36 0.253429
699 9788.94 0.250812
700 9801.38 0.245834
701 9813.83 0.242246
702 9825.73 0.238741
703 9838.67 0.239109
704 9852.43 0.235856
705 9865.34 0.230664
706 9878.02 0.226572
707 9890.9 0.223385
708 9907.46 0.220734
709 9919.97 0.218894
710 9932.41 0.214323
711 9944.88 0.21225
712 9958.03 0.209189
713 9970.76 0.206575
714 9983.3 0.204971
715 9995.57 0.202481
716 10007.9 0.199774
717 10020.1 0.19816
718 10032.6 0.196255
719 10044.5 0.193693
720 10056.9 0.191255
721 10069 0.189585
722 10081.2 0.187457
723 10093.7 0.185131
724 10110.5 0.183262
725 10123.3 0.181865
726 10136.8 0.179962
727 10149.3 0.178479
728 10162.2 0.177072
729 10174.5 0.175539
730 10186.8 0.174
731 10199.8 0.172842
732 10212.6 0.172005
733 10225.4 0.17056
734 10244.7 0.276663
735 10264.6 0.250453
736 10280.6 0.215924
737 10293.2 0.195282
738 10306.2 0.177993
739 10320 0.191978
740 10332.8 0.162775
741 10345.5 0.165921
742 10358.8 0.158841
743 10371.6 0.157932
744 10384.3 0.159267
745 10396.9 0.165534
746 10410 0.157633
747 10422.6 0.153678
748 10435 0.15378
749 10447.5 0.154126
750 10460 0.152461
751 10473 0.153776
752 10485.2 0.15232
753 10498 0.153858
754 10511.7 0.153812
755 10525.7 0.153141
756 10538.7 0.152011
757 10551.5 0.15122
758 10563.6 0.150755
759 10576.1 0.151518
760 10588.2 0.1504
761 10600.3 0.15014
762 10612.3 0.150124
763 10625.1 0.149663
764 10637.8 0.149652
765 10650.3 0.149674
766 10662.8 0.149324
767 10676.7 0.149624
768 10688.7 0.149145
769 10700.8 0.149107
770 10714.4 0.148447
771 10728.5 0.14822
772 10741.3 0.148181
773 10753.5 0.147976
774 10766 0.147764
775 10778.4 0.147666
776 10791.1 0.147549
777 10803.6 0.14746
778 10815.8 0.147213
779 10828.2 0.147155
780 10841 0.146814
781 10854.3 0.146552
782 10871.3 0.146237
783 10897.5 0.418252
784 10909.3 0.518291
785 10930.1 0.154595
786 10943.2 0.131031
787 10955.4 0.116343
788 10967.9 0.123513
789 10980.4 0.107024
790 10993.5 0.103622
791 11006.2 0.103828
792 11018.6 0.10086
793 11031 0.101362
794 11043.8 0.102774
795 11056.5 0.0994472
796 11069 0.0952131
797 11081.3 0.0929251
798 11094.8 0.0921022
799 11107.6 0.0913901
800 11121.2 0.0894228
801 11141.9 0.0884786
802 11181.9 0.0872329
803 11210.9 0.0866337
804 11237.7 0.0851874
805 11265 0.0840408
806 11292.1 0.0834275
807 11319.6 0.0820611
808 11349.5 0.080415
809 11379.4 0.08004
810 11407.8 0.0787033
811 11422.1 0.0774314
812 11442.3 0.0767683
813 11472 0.0759868
814 11498.9 0.0750065
815 11526 0.0743071
816 11565.2 0.0733933
817 11595.7 0.0725754
818 11654.1 0.071888
819 11681.3 0.0715684
820 11709.6 0.0707418
821 11737.4 0.069656
822 11764.6 0.0690116
823 11792 0.0684037
824 11820.3 0.0678836
825 11848.3 0.0672916
826 11874.7 0.0666482
827 11894.5 0.0661835
828 11907.3 0.0657176
829 11919.9 0.0651596
830 11933 0.0647434
831 11945.1 0.0642689
832 11958.7 0.110372
833 11978.5 0.0937735
834 12006.3 0.0900998
835 12037.7 0.0740236
836 12065.6 0.0641989
837 12093.2 0.0688862
838 12120.7 0.0681033
839 12154.3 0.0601503
840 12181.5 0.0605667
841 12208 0.0584772
842 12238.3 0.0592798
843 12266.1 0.0594183
844 12293 0.0599393
845 12320.9 0.0589005
846 12336.8 0.057537
847 12362.5 0.0571574
848 12389.8 0.057697
849 12417.6 0.0571906
850 12454.6 0.0574976
851 12492.5 0.0569186
852 12559.7 0.0564982
853 12587.4 0.0566375
854 12614.9 0.0565446
855 12642.5 0.0564821
856 12669.5 0.0565636
857 12699.8 0.0565161
858 12730.2 0.056035
859 12765.2 0.056079
860 12792.3 0.0559249
861 12820.1 0.0557113
862 12847.5 0.0556704
863 12874.3 0.0556919
864 12907.6 0.0555529
865 12938.4 0.0555451
866 12959.6 0.0554361
867 12972.3 0.0553254
868 13000.1 0.0552501
869 13027.8 0.0552403
870 13055.6 0.0552562
871 13082.6 0.0551867
872 13109.9 0.0549903
873 13140.4 0.0548638
874 13174.4 0.0547961
875 13212.9 0.0547797
876 13240.6 0.0546792
877 13267.5 0.0545422
878 13294.8 0.0544582
879 13322.2 0.0543561
880 13352.4 0.0541888
881 13380.4 0.152475
882 13407.9 0.190841
883 13437.2 0.0642253
884 13468.1 0.0482531
885 13496.7 0.0423308
886 13524.3 0.044432
887 13552.3 0.0430355
888 13583.4 0.0387033
889 13612.7 0.0388609
890 13648.8 0.038459
891 13677.8 0.0377767
892 13704.7 0.0364776
893 13735.8 0.0375819
894 13767.9 0.0360676
895 13801.5 0.0353989
896 13833.6 0.0345368
897 13860.8 0.0339984
898 13888.4 0.033856
899 13916 0.0330232
900 13942.8 0.0326134
901 13969.5 0.0320917
902 13997.4 0.0318078
903 14028.8 0.0313656
904 14056 0.0309615
905 14084.1 0.0308533
906 14111.4 0.0305709
907 14138.5 0.0301587
908 14165.3 0.0296997
909 14193.5 0.0293668
910 14221.6 0.02899
911 14253.3 0.0285362
912 14281.3 0.02818
913 14308.8 0.0279478
914 14335.9 0.0276678
915 14363.2 0.0273146
916 14390.9 0.0270864
917 14419.3 0.026767
918 14446.5 0.0264975
919 14475.7 0.0262853
920 14504.4 0.0260932
921 14530.1 0.0258791
922 14596.7 0.025629
923 14623.8 0.0253827
924 14654 0.0251388
925 14683 0.0249865
926 14713.3 0.0247804
927 14740.6 0.0246212
928 14767.6 0.0243953
929 14795.1 0.0242176
930 14821.9 0.0432642
931 14852 0.034679
932 14879.2 0.0378766
933 14906.9 0.0280624
934 14940.4 0.023322
935 14968 0.024613
936 14994.9 0.0264814
937 15022.7 0.0227136
938 15049.6 0.0226195
939 15076.9 0.0223253
940 15104 0.0220604
941 15134.6 0.0217053
942 15163.6 0.0219715
943 15195.2 0.0222406
944 15223.7 0.0218763
945 15283.1 0.0218022
946 15314.8 0.021487
947 15352.8 0.0217737
948 15378.7 0.0212391
949 15410.1 0.0210548
950 15437.9 0.02105
951 15465.5 0.0209693
952 15493.1 0.021023
953 15520.4 0.0210134
954 15548.1 0.0209429
955 15575.6 0.0209316
956 15604.1 0.0211231
957 15636.3 0.0208921
958 15663.2 0.0207452
959 15693.2 0.0207084
960 15720.4 0.0207271
961 15747.8 0.0207266
962 15775.7 0.0206934
963 15823.2 0.0206625
964 15855.1 0.0206812
965 15884.2 0.0206316
966 15911.3 0.0205992
967 15940.5 0.020555
968 15967.8 0.0204975
969 15994.6 0.0204567
970 16021.7 0.0204261
971 16049 0.0204262
972 16083.1 0.0203867
973 16112.6 0.0203226
974 16139.8 0.0202802
975 16168.2 0.0202285
976 16196.1 0.0201782
977 16224 0.0201707
978 16252.5 0.0201494
979 16281 0.0554461
980 16317.1 0.0702778
981 16346.8 0.0264437
982 16394.6 0.0179644
983 16422.1 0.0152421
984 16449.5 0.0161427
985 16476.9 0.0165038
986 16503.7 0.0149098
987 16532.8 0.0143063
988 16562.1 0.0147304
989 16589.3 0.0137419
990 16616.6 0.0138148
991 16643.1 0.0135854
992 16664.4 0.0134446
993 16694.7 0.0132932
994 16722.2 0.0131301
995 16757.9 0.0129412
996 16785.2 0.012545
997 16812.6 0.0124659
998 16840 0.0121521
999 16867.3 0.0119883
1000 16895.1 0.0118608
1001 16922.2 0.0116897
1002 16949.6 0.0116462
1003 16980.7 0.0115114
1004 17010.3 0.0114641
1005 17037.7 0.011287
1006 17065.4 0.0112245
1007 17092.7 0.0110517
1008 17121.1 0.010832
1009 17147.8 0.0106845
1010 17174.8 0.0105725
1011 17201.9 0.010507
1012 17235.4 0.0104126
1013 17264.8 0.0102837
1014 17291 0.0101827
1015 17305.2 0.010046
1016 17318.1 0.00993819
1017 17349.5 0.00985883
1018 17377.9 0.00977336
1019 17406.1 0.00969715
1020 17437.4 0.00962944
1021 17467.4 0.0095456
1022 17498.1 0.00950644
1023 17526.6 0.00941837
1024 17606.3 0.00934182
1025 17634 0.00926558
1026 17662.8 0.00921273
1027 17690.9 0.00914598
1028 17712.3 0.0167858
1029 17744.7 0.012382
1030 17771.8 0.015932
1031 17799.7 0.0105987
1032 17834.1 0.00855585
1033 17908.8 0.00874048
1034 17939.3 0.0102173
1035 17966.4 0.00888866
1036 17994.1 0.00825869
1037 18021.2 0.00858778
1038 18048.9 0.00812264
1039 18076.3 0.00820838
1040 18102.9 0.00807392
1041 18134.6 0.00817474
1042 18165.8 0.00819026
1043 18209.8 0.0082641
1044 18241 0.00825585
1045 18268.2 0.00794641
1046 18296.1 0.00799968
1047 18323.5 0.00796822
1048 18353.7 0.00787267
1049 18384.3 0.00786459
1050 18426.4 0.00784731
1051 18454.7 0.00779499
1052 18491.3 0.00782171
1053 18518.8 0.00777905
1054 18552.6 0.00777319
1055 18587.3 0.00776598
1056 18617.5 0.00781491
1057 18654.8 0.00775739
1058 18683.4 0.00771888
1059 18710.5 0.00768755
1060 18738.5 0.00768534
1061 18752 0.00768278
1062 18792.3 0.00769846
1063 18823 0.00767443
1064 18850.9 0.0076712
1065 18878.6 0.00763954
1066 18907.5 0.00761024
1067 18934.5 0.00760077
1068 18947.9 0.0075879
1069 18996.5 0.00757471
1070 19024 0.00756981
1071 19055.2 0.00755292
1072 19082.2 0.00755966
1073 19107.4 0.00753324
1074 19121.5 0.00751608
1075 19136 0.00749713
1076 19194.1 0.00747481
1077 19222.2 0.0203516
1078 19253.1 0.025667
1079 19283.4 0.0108036
1080 19314.6 0.00661583
1081 19343.7 0.00562206
1082 19372.2 0.00576926
1083 19401.3 0.00625606
1084 19430.7 0.00575659
1085 19458.3 0.00540773
1086 19491.4 0.00534097
1087 19519.9 0.00523451
1088 19547.8 0.00517644
1089 19578.2 0.0050044
1090 19606.5 0.00503466
1091 19634 0.00489755
1092 19661.8 0.00487982
1093 19691.2 0.00491563
1094 19722.2 0.00475909
1095 19750.4 0.0046074
1096 19778.3 0.00457796
1097 19806.4 0.00453119
1098 19835 0.00446647
1099 19865.8 0.00445264
1100 19893 0.00438622
1101 19920.5 0.00433389
1102 19949.6 0.00424973
1103 19978.6 0.00418095
1104 20006.1 0.00414047
1105 20032.9 0.00410842
1106 20060.4 0.004106
1107 20087.7 0.00403805
1108 20118.7 0.00400342
1109 20148 0.00394016
1110 20178.1 0.00389171
1111 20206.6 0.00386488
1112 20235.7 0.00382395
1113 20264.6 0.00377598
1114 20291.5 0.0037464
1115 20324.9 0.00372182
1116 20371.9 0.00368298
1117 20402.9 0.00365759
1118 20427.7 0.00363065
1119 20441.5 0.00359745
1120 20472.3 0.00357388
1121 20499.5 0.00354071
1122 20527 0.00352323
1123 20584.8 0.00350831
1124 20614.3 0.00347811
1125 20642.9 0.00345591
1126 20670.5 0.0064868
1127 20697.7 0.00452352
1128 20725.8 0.00648986
1129 20761.6 0.00387088
1130 20792.3 0.00316158
1131 20823.7 0.00324414
1132 20839.9 0.00369237
1133 20854.1 0.00353122
1134 20867 0.00316242
1135 20897.6 0.00313585
1136 20925.3 0.00308517
1137 20952.5 0.00303051
1138 20980 0.00304803
1139 21007 0.00302467
1140 21045.2 0.00308093
1141 21072.8 0.00302018
1142 21099.8 0.00301886
1143 21129.4 0.00308816
1144 21157.3 0.00296473
1145 21185.4 0.00293713
1146 21212.1 0.00293912
1147 21239.5 0.00292913
1148 21270.9 0.00291341
1149 21302.4 0.00294559
1150 21327.3 0.00290288
1151 21341.6 0.00290218
1152 21354.9 0.00289051
1153 21368.9 0.00288056
1154 21404.2 0.00287856
1155 21435.1 0.0028846
1156 21463.8 0.00290468
1157 21501.3 0.00288289
1158 21533.6 0.0028869
1159 21569.1 0.00288659
1160 21596.4 0.00286006
1161 21624.9 0.0028574
1162 21652.3 0.00285353
1163 21680.1 0.00283735
1164 21712.2 0.00283011
1165 21742 0.00282423
1166 21769.7 0.0028173
1167 21797.4 0.00281122
1168 21828.4 0.00280959
1169 21856.3 0.00279731
1170 21884 0.00279284
1171 21929.5 0.00278321
1172 21961.3 0.002778
1173 21989.4 0.00277435
1174 22017.2 0.00277112
1175 22067.5 0.00745161
1176 22095.5 0.00939499
1177 22124 0.00435404
1178 22151.7 0.0024139
1179 22183.6 0.00208189
1180 22212.5 0.00213654
1181 22240.1 0.00230161
1182 22267.8 0.0021862
1183 22294.5 0.00212483
1184 22308.9 0.00194285
1185 22336.8 0.00200419
1186 22364.5 0.00189158
1187 22400.6 0.0018959
1188 22437.1 0.00183605
1189 22490.6 0.00184481
1190 22524.1 0.00180638
1191 22570.5 0.00179474
1192 22597.8 0.00179708
1193 22625 0.0017664
1194 22656.4 0.00170776
1195 22684.2 0.00168929
1196 22711.4 0.00168528
1197 22752.5 0.00166965
1198 22766.4 0.00163333
1199 22780.7 0.00161758
1200 22801.3 0.00158785
1201 22836.8 0.00157319
1202 22866.2 0.00154961
1203 22894.9 0.00153372
1204 22922.8 0.00152123
1205 22938.2 0.00150817
1206 22951.3 0.00150614
1207 22992.1 0.00149251
1208 23019.9 0.00146745
1209 23047.5 0.00145858
1210 23074.8 0.00143656
1211 23104.7 0.0014251
1212 23133.3 0.00141393
1213 23174.2 0.00139829
1214 23203.7 0.0013856
1215 23244.4 0.00137632
1216 23272 0.00136701
1217 23302.9 0.00136023
1218 23332.6 0.00135451
1219 23359.2 0.00134431
1220 23373.4 0.00132952
1221 23412.7 0.00131847
1222 23441.6 0.0013084
1223 23468.8 0.00129964
1224 23495.8 0.00253051
1225 23526.6 0.00165839
1226 23554 0.00259327
1227 23578.2 0.00139669
1228 23606.5 0.00119074
1229 23654.7 0.0012471
1230 23682.1 0.00133955
1231 23709.9 0.00129677
1232 23743.5 0.00126578
1233 23770.5 0.00114184
1234 23798.6 0.0011719
1235 23826.2 0.00113642
1236 23854.1 0.00113894
1237 23881.8 0.00113756
1238 23909.4 0.00114316
1239 23937.1 0.00111105
1240 23965.1 0.00112363
1241 23993.8 0.00114283
1242 24021.3 0.00112369
1243 24048.1 0.0011047
1244 24074.7 0.00109007
1245 24102.3 0.00109306
1246 24133.6 0.00109628
1247 24170.2 0.00108183
1248 24198 0.00108467
1249 24212.9 0.00107913
1250 24226.9 0.00107468
1251 24256.9 0.00107597
1252 24284.8 0.00107234
1253 24317.8 0.00107477
1254 24345.3 0.00107362
1255 24374.6 0.00107532
1256 24405 0.00106831
1257 24433.8 0.00106726
1258 24463.3 0.00106682
1259 24490.9 0.00106217
1260 24522.4 0.0010558
1261 24552.5 0.00105319
1262 24583 0.00105273
1263 24613.9 0.00105065
1264 24641.5 0.00104527
1265 24682.8 0.00104427
1266 24711 0.00104291
1267 24749 0.0010395
1268 24782.2 0.00103671
1269 24811.2 0.00103608
1270 24843.3 0.0010326
1271 24872.6 0.00103099
1272 24900.3 0.00102931
1273 24927.8 0.00272576
1274 24955.4 0.00343973
1275 24982.1 0.0017168
1276 25012.5 0.000860417
1277 25043 0.000789132
1278 25073.9 0.000801679
1279 25101.5 0.000876409
1280 25129.5 0.000802493
1281 25156.8 0.000814937
1282 25190.2 0.000732795
1283 25222.7 0.000746841
1284 25251.4 0.00071467
1285 25280.1 0.000701011
1286 25301.2 0.000696776
1287 25323.9 0.000685489
1288 25377.2 0.000674718
1289 25420 0.000663704
1290 25447.1 0.000660907
1291 25477.5 0.000673438
1292 25507.4 0.000649927
1293 25560.5 0.000636548
1294 25610.5 0.000624116
1295 25656.8 0.000619906
1296 25696.6 0.000613482
1297 25731.2 0.000600853
1298 25759.6 0.000593955
1299 25797 0.00058868
1300 25822.4 0.000581337
1301 25850.7 0.000578964
1302 25865.3 0.000569689
1303 25878.2 0.000568637
1304 25901.7 0.000560718
1305 25947.1 0.000557
1306 25983.4 0.000550227
1307 26016.1 0.000544991
1308 26043.8 0.000544453
1309 26073.3 0.00054187
1310 26107.6 0.000530647
1311 26154.3 0.000525952
1312 26171.9 0.000522255
1313 26202 0.000520429
1314 26215.4 0.00051617
1315 26248.5 0.000510243
1316 26261.8 0.000506994
1317 26289.7 0.000502923
1318 26315.7 0.00049919
1319 26341 0.000496568
1320 26370.5 0.000493088
1321 26403.1 0.000489416
1322 26434.6 0.000983632
1323 26463.8 0.000590828
1324 26498.1 0.00103405
1325 26525.4 0.000499478
1326 26552.7 0.0004577
1327 26570.4 0.000480585
1328 26586.4 0.00048171
1329 26621 0.000479594
1330 26634.4 0.000492604
1331 26647.9 0.000435594
1332 26661.5 0.000435033
1333 26677.8 0.000434243
1334 26692 0.000424623
1335 26704.8 0.000429286
1336 26735.1 0.000417488
1337 26749.5 0.000424176
1338 26762.7 0.000416576
1339 26786.5 0.000414328
1340 26814.6 0.000422919
1341 26855.2 0.000420403
1342 26878.8 0.000411837
1343 26896.9 0.000408163
1344 26917 0.000405008
1345 26951.9 0.000408625
1346 26969.9 0.000402096
1347 26983 0.000401462
1348 26996.1 0.000400016
1349 27059.2 0.000399444
1350 27097.6 0.000400165
1351 27124.7 0.00040164
1352 27157.4 0.000397904
1353 27190.2 0.000396622
1354 27213.5 0.000395662
1355 27231.2 0.000395522
1356 27260 0.000394242
1357 27297.6 0.000393285
1358 27326.6 0.00039389
1359 27343.9 0.000395938
1360 27403.5 0.000392121
1361 27454 0.000390647
1362 27468.8 0.000389158
1363 27513.5 0.000388664
1364 27541.9 0.00038868
1365 27556.6 0.000386639
1366 27569.7 0.000386773
1367 27585.7 0.000385587
1368 27599.8 0.000383967
1369 27613.1 0.00038299
1370 27626.1 0.000382301
1371 27640.9 0.000985866
1372 27696.8 0.0012721
1373 27730.2 0.000657057
1374 27773.1 0.000305674
1375 27846.3 0.00030217
1376 27872.3 0.000304438
1377 27901.1 0.000315186
1378 27962.5 0.000294435
1379 27994.9 0.000297639
1380 28023.4 0.000295159
1381 28051.1 0.000273349
1382 28079.6 0.000274041
1383 28112 0.000260693
1384 28141 0.000262375
1385 28169.3 0.000253145
1386 28198.6 0.0002523
1387 28224.1 0.000247656
1388 28255.2 0.000246361
1389 28282.7 0.000244887
1390 28312 0.000247965
1391 28376.5 0.000241835
1392 28435.2 0.000235244
1393 28463.5 0.000231801
1394 28527.8 0.000229565
1395 28556.1 0.000229237
1396 28583.8 0.000223364
1397 28612.4 0.000221738
1398 28643 0.00021848
1399 28679 0.000216314
1400 28707.1 0.000214602
1401 28734.1 0.000212166
1402 28761.6 0.000210801
1403 28788.6 0.000208219
1404 28816.5 0.000206449
1405 28849.6 0.000204993
1406 28878 0.000203444
1407 28905.3 0.000202586
1408 28932.9 0.000201253
1409 28960 0.000201212
1410 28987.6 0.000197878
1411 29014.5 0.000195442
1412 29044.1 0.000193863
1413 29078 0.000192342
1414 29106 0.000191432
1415 29133.4 0.000189486
1416 29160.6 0.000188031
1417 29187.9 0.00018743
1418 29215.5 0.000186074
1419 29243.3 0.000184686
1420 29273.8 0.000381355
1421 29300.9 0.000221942
1422 29314.8 0.00040066
1423 29328.6 0.000177179
1424 29363.6 0.000179432
1425 29420.5 0.000184921
1426 29450.5 0.000174797
1427 29479.3 0.000172645
1428 29511.9 0.000183842
1429 29539.7 0.000170587
1430 29568 0.000161183
1431 29595.6 0.000163948
1432 29623.1 0.000161703
1433 29650.9 0.000159957
1434 29678.7 0.000156638
1435 29705.6 0.000156535
1436 29736.2 0.000154453
1437 29764.1 0.000154459
1438 29791.3 0.000153567
1439 29819.4 0.000157288
1440 29847.4 0.000154434
1441 29874.2 0.000153794
1442 29901.7 0.000152512
1443 29929.1 0.000150279
1444 29957.3 0.000150951
1445 29992.5 0.000150624
1446 30020.6 0.000149858
1447 30048.7 0.000150428
1448 30076.2 0.000149178
1449 30103.8 0.000148235
1450 30131.3 0.000148687
1451 30159.1 0.000147528
1452 30191.1 0.000147399
1453 30206.6 0.00014697
1454 30220.3 0.000146819
1455 30234.5 0.000146371
1456 30254.9 0.000145974
1457 30268.8 0.000146181
1458 30282.8 0.000146166
1459 30297.5 0.00014566
1460 30310.4 0.000144833
1461 30324.8 0.000143947
1462 30338.2 0.000143422
1463 30351.7 0.00014337
1464 30365.2 0.000143372
1465 30378.3 0.000142752
1466 30392.7 0.000142451
1467 30406.2 0.000142158
1468 30420.8 0.000142063
1469 30434.6 0.000360127
1470 30447.8 0.000463261
1471 30460.9 0.000260868
1472 30473.6 0.000112009
1473 30486.1 0.000114809
1474 30499.3 0.000114891
1475 30512.2 0.000114297
1476 30524.9 0.000106992
1477 30537.8 0.000112462
1478 30550.7 0.000112981
1479 30563.8 0.000101099
1480 30576.8 0.000100855
1481 30589.7 0.000100745
1482 30604.3 9.68981e-05
