0 16.7387 360.054
1 32.967 157.291
2 46.8624 122.038
3 60.5426 96.2864
4 73.8965 77.2851
5 87.3819 63.1949
6 104.778 52.6973
7 121.363 44.8284
8 134.465 38.878
9 151.242 34.324
10 167.485 30.7854
11 183.364 27.9873
12 203.78 25.7333
13 224.429 23.8834
14 237.777 22.3377
15 254.608 21.0249
16 271.147 19.893
17 292.648 18.9041
18 307.535 18.0297
19 322.629 17.2484
20 335.713 16.5436
21 351.402 15.9025
22 365.905 15.3147
23 389.865 14.7721
24 410.683 14.268
25 429.708 13.7973
26 448.792 13.3553
27 464.794 12.9386
28 481.31 12.544
29 507.513 12.1691
30 522.323 11.8118
31 541.027 11.4703
32 563.482 11.1432
33 580.483 10.8291
34 601.104 10.5269
35 618.144 10.2358
36 634.096 9.95486
37 647.321 9.68346
38 660.728 9.42097
39 677.226 9.16685
40 690.937 8.92063
41 714.582 8.68189
42 732.503 8.45024
43 752.458 8.22537
44 773.895 8.00695
45 793.786 7.79471
46 813.683 7.58839
47 827.044 7.38777
48 841.117 7.19261
49 856.49 7.00266
50 871.523 6.81771
51 887.618 6.63756
52 905.572 6.46202
53 919.535 6.29091
54 933.889 6.12409
55 948.131 5.96139
56 961.213 5.80269
57 979.531 5.64787
58 999.627 5.49681
59 1014.14 5.34941
60 1031.17 5.20557
61 1049.23 5.0652
62 1069.94 4.92822
63 1086.52 4.79454
64 1099.96 4.6641
65 1117.76 4.53682
66 1132.61 4.41263
67 1148.53 4.29147
68 1165.56 4.17328
69 1179.21 4.058
70 1197.38 3.94557
71 1220.31 3.83593
72 1237.24 3.72903
73 1250.5 3.62481
74 1266.16 3.52321
75 1279.98 3.4242
76 1297.47 3.32771
77 1312.88 3.2337
78 1327.91 3.14211
79 1343.06 3.05289
80 1359.41 2.96601
81 1378.45 2.8814
82 1398.15 2.79902
83 1416.44 2.71882
84 1431.81 2.64076
85 1446.44 2.56479
86 1459.52 2.49087
87 1473.8 2.41894
88 1488.36 2.34897
89 1501.56 2.28091
90 1515.03 2.21471
91 1529.01 2.15034
92 1542.09 2.08775
93 1555.52 2.02689
94 1571.36 1.96774
95 1585.7 1.91024
96 1600.07 1.85435
97 1615.01 1.80003
98 1631.18 1.74725
99 1645.7 1.69596
100 1658.9 1.64613
101 1671.8 1.59772
102 1686 1.5507
103 1699.15 1.50501
104 1713.07 1.46064
105 1727.96 1.41754
106 1742.99 1.37569
107 1757.23 1.33504
108 1772.22 1.29557
109 1785.85 1.25724
110 1801.75 1.22002
111 1817.85 1.18389
112 1833.54 1.14881
113 1846.59 1.11475
114 1860.21 1.08168
115 1873.3 1.04958
116 1886.08 1.01842
117 1900.46 0.98817
118 1913.48 0.95881
119 1926.71 0.930311
120 1940.22 0.902649
121 1953.16 0.875802
122 1967.11 0.849744
123 1980.38 0.824455
124 1993.61 0.799911
125 2008.53 0.776092
126 2023.53 0.752976
127 2038.8 0.730543
128 2053.53 0.708774
129 2071.68 0.687649
130 2084.82 0.667149
131 2098.19 0.647257
132 2115.16 0.627954
133 2129.89 0.609223
134 2143.22 0.591049
135 2156.08 0.573413
136 2171.49 0.556302
137 2185.29 0.539698
138 2198.51 0.523589
139 2214.56 0.507958
140 2230.1 0.492791
141 2243.72 0.478076
142 2261.41 0.463799
143 2274.3 0.449947
144 2288.19 0.436508
145 2301.48 0.423468
146 2317.08 0.410817
147 2332.78 0.398543
148 2347.7 0.386635
149 2361.76 0.375081
150 2376.76 0.363872
151 2391.38 0.352998
152 2404.35 0.342447
153 2422.39 0.332212
154 2437.87 0.322282
155 2450.85 0.312648
156 2464.15 0.303301
157 2478.43 0.294234
158 2491.52 0.285437
159 2504.78 0.276903
160 2517.76 0.268624
161 2530.97 0.260592
162 2544.32 0.2528
163 2560.28 0.24524
164 2573.52 0.237907
165 2589.61 0.230792
166 2607.27 0.22389
167 2625.84 0.217194
168 2642.18 0.210699
169 2657.28 0.204397
170 2670.58 0.198284
171 2683.88 0.192353
172 2696.76 0.1866
173 2710.88 0.181019
174 2724.1 0.175604
175 2737.66 0.170352
176 2750.98 0.165256
177 2766.83 0.160313
178 2780.22 0.155517
179 2793.85 0.150865
180 2807.95 0.146352
181 2821.37 0.141974
182 2834.44 0.137727
183 2853.39 0.133607
184 2868.73 0.12961
185 2883.36 0.125733
186 2898.17 0.121971
187 2913.64 0.118322
188 2929.36 0.114782
189 2942.41 0.111348
190 2955.3 0.108017
191 2968.34 0.104786
192 2984.29 0.101651
193 2997.53 0.0986095
194 3010.88 0.0956593
195 3027.68 0.0927973
196 3045.07 0.090021
197 3061.4 0.0873277
198 3075.33 0.0847149
199 3089.76 0.0821804
200 3104.73 0.0797216
201 3119.29 0.0773364
202 3137.87 0.0750226
203 3151.43 0.0727779
204 3166.74 0.0706005
205 3180.72 0.0684881
206 3193.99 0.066439
207 3207.07 0.0644511
208 3224.11 0.0625228
209 3244.12 0.0606521
210 3261.26 0.0588374
211 3274.23 0.0570769
212 3288.38 0.0553692
213 3303.26 0.0537125
214 3316.9 0.0521054
215 3331.52 0.0505464
216 3345.1 0.049034
217 3358.28 0.0475669
218 3373.02 0.0461437
219 3387.69 0.044763
220 3400.49 0.0434237
221 3415.33 0.0421244
222 3429 0.040864
223 3442.53 0.0396413
224 3456.07 0.0384552
225 3469.39 0.0373046
226 3482.56 0.0361884
227 3497.88 0.0351056
228 3512.29 0.0340553
229 3525.65 0.0330363
230 3541.2 0.0320478
231 3554.44 0.0310889
232 3567.62 0.0301587
233 3581.07 0.0292563
234 3594.03 0.0283809
235 3607.1 0.0275317
236 3620.33 0.0267079
237 3633.48 0.0259088
238 3646.38 0.0251336
239 3661.68 0.0243816
240 3674.78 0.023652
241 3687.74 0.0229443
242 3701.6 0.0222578
243 3714.72 0.0215918
244 3727.96 0.0209458
245 3740.94 0.020319
246 3753.84 0.0197111
247 3767.08 0.0191213
248 3780.41 0.0185492
249 3793.62 0.0179941
250 3806.84 0.0174557
251 3819.91 0.0169334
252 3833.23 0.0164268
253 3846.3 0.0159352
254 3859.93 0.0154584
255 3874.68 0.0149959
256 3888.18 0.0145472
257 3901.44 0.0141119
258 3915.02 0.0136897
259 3928.36 0.0132801
260 3943.01 0.0128827
261 3956.68 0.0124972
262 3969.84 0.0121233
263 3982.94 0.0117606
264 3996.18 0.0114087
265 4009.25 0.0110673
266 4022.4 0.0107361
267 4035.35 0.0104149
268 4048.59 0.0101033
269 4062.9 0.00980097
270 4077.46 0.00950771
271 4091.37 0.00922323
272 4105.32 0.00894726
273 4118.33 0.00867954
274 4131.42 0.00841983
275 4144.38 0.0081679
276 4157.41 0.0079235
277 4170.76 0.00768642
278 4184.03 0.00745643
279 4196.93 0.00723332
280 4210.14 0.00701689
281 4225.98 0.00680694
282 4242.29 0.00660326
283 4256.66 0.00640568
284 4270.29 0.00621401
285 4284.49 0.00602808
286 4300.84 0.00584771
287 4318.26 0.00567274
288 4332.61 0.005503
289 4348.05 0.00533834
290 4360.98 0.00517861
291 4374.36 0.00502366
292 4387.9 0.00487335
293 4401.22 0.00472753
294 4414.49 0.00458607
295 4427.66 0.00444885
296 4440.71 0.00431573
297 4453.85 0.0041866
298 4467.19 0.00406133
299 4481.07 0.00393981
300 4499.43 0.00382192
301 4513.86 0.00370757
302 4529.57 0.00359663
303 4542.79 0.00348901
304 4555.87 0.00338462
305 4569.2 0.00328334
306 4582.52 0.0031851
307 4595.53 0.0030898
308 4608.57 0.00299735
309 4621.61 0.00290766
310 4634.9 0.00282066
311 4647.94 0.00273626
312 4661.53 0.00265439
313 4674.56 0.00257496
314 4687.51 0.00249792
315 4700.98 0.00242318
316 4715.47 0.00235067
317 4728.71 0.00228033
318 4742.22 0.0022121
319 4755.62 0.00214591
320 4771.32 0.00208171
321 4784.42 0.00201942
322 4797.47 0.00195899
323 4810.65 0.00190038
324 4826.11 0.00184351
325 4839.1 0.00178835
326 4852.58 0.00173484
327 4865.48 0.00168293
328 4879.12 0.00163258
329 4891.9 0.00158373
330 4905.05 0.00153634
331 4918.55 0.00149037
332 4931.94 0.00144578
333 4945.11 0.00140252
334 4958.3 0.00136055
335 4971.29 0.00131984
336 4984.31 0.00128035
337 4998.8 0.00124204
338 5011.68 0.00120488
339 5025.16 0.00116882
340 5038.15 0.00113385
341 5051.09 0.00109993
342 5063.99 0.00106701
343 5077.44 0.00103509
344 5090.97 0.00100412
345 5104.89 0.000974071
346 5117.96 0.000944925
347 5132.3 0.000916652
348 5147.65 0.000889224
349 5160.72 0.000862617
350 5173.96 0.000836806
351 5187.03 0.000811768
352 5200.6 0.000787478
353 5213.6 0.000763916
354 5226.6 0.000741058
355 5240.52 0.000718885
356 5254.56 0.000697374
357 5267.79 0.000676508
358 5280.92 0.000656266
359 5294.26 0.000636629
360 5307.29 0.00061758
361 5320.23 0.000599101
362 5334.88 0.000581175
363 5348.53 0.000563786
364 5361.94 0.000546916
365 5375.13 0.000530552
366 5388.14 0.000514677
367 5401.22 0.000499277
368 5414.8 0.000484338
369 5427.86 0.000469846
370 5440.88 0.000455787
371 5454.86 0.000442149
372 5468.42 0.000428919
373 5482.89 0.000416085
374 5495.88 0.000403636
375 5509.41 0.000391558
376 5522.57 0.000379842
377 5536.19 0.000368477
378 5550.12 0.000357451
379 5563.05 0.000346756
380 5576.76 0.00033638
381 5590.68 0.000326315
382 5604.16 0.000316551
383 5617.39 0.00030708
384 5630.27 0.000297891
385 5643.01 0.000288978
386 5656 0.000280331
387 5668.53 0.000271943
388 5681.64 0.000263806
389 5695.33 0.000255913
390 5708.42 0.000248256
391 5721.86 0.000240827
392 5735.33 0.000233621
393 5750.09 0.000226631
394 5762.87 0.00021985
395 5775.33 0.000213272
396 5788.36 0.00020689
397 5801.29 0.0002007
398 5814.94 0.000194695
399 5827.71 0.000188869
400 5840.66 0.000183218
401 5854.16 0.000177736
402 5867.75 0.000172417
403 5881.5 0.000167258
404 5895.21 0.000162254
405 5908.63 0.000157399
406 5922.34 0.000152689
407 5936.11 0.000148121
408 5951 0.000143689
409 5965.35 0.000139389
410 5978.68 0.000135219
411 5992.53 0.000131173
412 6006.37 0.000127248
413 6019.73 0.00012344
414 6037.81 0.000119747
415 6061.96 0.000116164
416 6077.16 0.000112688
417 6093.4 0.000109316
418 6107.11 0.000106045
419 6122.37 0.000102872
420 6135.77 9.97941e-05
