0 226.358 708.896
1 494.052 276.586
2 777.33 241.578
3 1045.87 211.548
4 1306.15 185.675
5 1534.96 163.343
6 1762.75 144.051
7 1974.92 127.377
8 2192.1 112.963
9 2410.93 100.503
10 2623.99 89.732
11 2856.66 80.4206
12 3072.71 72.3707
13 3287.32 65.4099
14 3502.74 59.3889
15 3719.3 54.1774
16 3947.09 49.6626
17 4161.32 45.7463
18 4379.91 42.3435
19 4597.56 39.3805
20 4817.55 36.7937
21 5032.32 34.5286
22 5251.19 32.5382
23 5473.17 30.7825
24 5692.05 29.2273
25 5911.71 27.8437
26 6126.75 26.6072
27 6345.12 25.4969
28 6557.92 24.4953
29 6786.79 23.5876
30 7001.28 22.7612
31 7213.29 22.0056
32 7426.86 21.3117
33 7642.35 20.6721
34 7860.96 20.08
35 8075.32 19.5301
36 8290.23 19.0176
37 8511.4 18.5383
38 8726.94 18.0887
39 8946.08 17.6658
40 9160.24 17.2668
41 9376.88 16.8895
42 9593.8 16.5317
43 9818.54 16.1918
44 10028.8 15.868
45 10246.1 15.5589
46 10458.7 15.2634
47 10678.2 14.9802
48 10897.8 14.7084
49 11117.3 14.4471
50 11331.9 14.1954
51 11549.3 13.9526
52 11766.6 13.7181
53 11987.1 13.4913
54 12206.3 13.2716
55 12424.4 13.0586
56 12641.9 12.8518
57 12861.4 12.6508
58 13081.1 12.4553
59 13311.2 12.2649
60 13526.5 12.0793
61 13746.2 11.8983
62 13960.4 11.7215
63 14181.4 11.5489
64 14402 11.3801
65 14620.9 11.215
66 14847.9 11.0533
67 15075.1 10.895
68 15299.4 10.7399
69 15512.9 10.5878
70 15735.3 10.4386
71 15952.3 10.2922
72 16166.2 10.1484
73 16387.4 10.0073
74 16611 9.86861
75 16836 9.73233
76 17049.3 9.59837
77 17268.1 9.46665
78 17485.7 9.33709
79 17701 9.20963
80 17926.3 9.08421
81 18142.9 8.96076
82 18360.2 8.83923
83 18575.4 8.71958
84 18797.3 8.60174
85 19016.2 8.48568
86 19231.8 8.37135
87 19471.6 8.25871
88 19699.9 8.14771
89 19919.6 8.03833
90 20135.8 7.93052
91 20349.8 7.82425
92 20574.8 7.71949
93 20796.5 7.61621
94 21010 7.51438
95 21228 7.41396
96 21443.5 7.31493
97 21659.1 7.21727
98 21872.1 7.12094
99 22091.7 7.02591
100 22308.1 6.93215
101 22533.5 6.83963
102 22749.2 6.74833
103 22971.2 6.65822
104 23184.6 6.56928
105 23401 6.48148
106 23616.7 6.3948
107 23837.6 6.30922
108 24056.7 6.22472
109 24278.5 6.14128
110 24500.5 6.05888
111 24743.8 5.9775
112 24957.4 5.89713
113 25172.6 5.81776
114 25384.4 5.73935
115 25600.2 5.66191
116 25844.8 5.58541
117 26068.1 5.50985
118 26284.9 5.43521
119 26506.6 5.36147
120 26739.2 5.28862
121 26963.1 5.21666
122 27177.7 5.14558
123 27398 5.07535
124 27620.9 5.00597
125 27839.4 4.93744
126 28059.7 4.86974
127 28273 4.80285
128 28489.9 4.73678
129 28708.9 4.67152
130 28925.8 4.60704
131 29147.8 4.54336
132 29363.9 4.48045
133 29580.8 4.41831
134 29807 4.35694
135 30027.1 4.29632
136 30241.3 4.23644
137 30456.4 4.17731
138 30672.4 4.1189
139 30889.2 4.06122
140 31105.1 4.00426
141 31328.5 3.94801
142 31543.3 3.89246
143 31758.4 3.8376
144 31976.2 3.78344
145 32195.5 3.72996
146 32417.1 3.67715
147 32637.3 3.62502
148 32854 3.57355
149 33082.4 3.52273
150 33305 3.47256
151 33526.9 3.42304
152 33754.9 3.37416
153 33969 3.3259
154 34182.3 3.27827
155 34400.8 3.23126
156 34618.7 3.18486
157 34840.7 3.13906
158 35065.4 3.09387
159 35285.3 3.04927
160 35500.8 3.00525
161 35722.6 2.96182
162 35949.3 2.91896
163 36171.6 2.87668
164 36387.5 2.83495
165 36606.8 2.79379
166 36834.4 2.75317
167 37051.9 2.7131
168 37268.6 2.67358
169 37488.9 2.63458
170 37714.6 2.59612
171 37939.4 2.55817
172 38156.3 2.52074
173 38377.8 2.48383
174 38606.3 2.44742
175 38836.7 2.41151
176 39052.5 2.37609
177 39267.4 2.34116
178 39486.6 2.30672
179 39709.1 2.27275
180 39932.7 2.23926
181 40147.6 2.20623
182 40364.4 2.17366
183 40579.6 2.14155
184 40805.5 2.10989
185 41022.7 2.07867
186 41241.7 2.0479
187 41459.5 2.01755
188 41695.3 1.98764
189 41914.6 1.95815
190 42129 1.92908
191 42345.7 1.90042
192 42561.2 1.87218
193 42776.7 1.84433
194 42993.7 1.81689
195 43217.5 1.78983
196 43440.5 1.76317
197 43667.3 1.73687
198 43890.1 1.71097
199 44108.2 1.68544
200 44328.3 1.66028
201 44552.4 1.63548
202 44770.4 1.61103
203 44984.8 1.58695
204 45207 1.56321
205 45427.5 1.53981
206 45645 1.51676
207 45859.4 1.49404
208 46086.6 1.47165
209 46306.7 1.44959
210 46524.3 1.42785
211 46742.8 1.40643
212 46962.7 1.38533
213 47197.9 1.36453
214 47423.4 1.34403
215 47640.6 1.32384
216 47865.2 1.30395
217 48078.1 1.28435
218 48294.5 1.26503
219 48517.4 1.246
220 48740.7 1.22725
221 48961.7 1.20878
222 49174.9 1.19058
223 49388.7 1.17265
224 49605 1.15499
225 49827 1.13758
226 50052 1.12044
227 50267.2 1.10355
228 50493 1.08691
229 50720.9 1.07051
230 50954.5 1.05436
231 51174.1 1.03845
232 51389.6 1.02278
233 51608 1.00734
234 51834.9 0.99213
235 52047.2 0.977147
236 52267 0.962387
237 52492.2 0.947847
238 52713.1 0.933525
239 52934.2 0.919416
240 53155.2 0.905518
241 53380.5 0.891828
242 53595.7 0.878342
243 53817 0.865059
244 54034.2 0.851974
245 54251.2 0.839085
246 54469.2 0.826389
247 54692.9 0.813883
248 54909.6 0.801565
249 55126.2 0.789432
250 55345.3 0.777481
251 55569.9 0.765709
252 55790 0.754114
253 56018.4 0.742693
254 56235.4 0.731444
255 56451 0.720364
256 56674.2 0.709451
257 56903.8 0.698701
258 57125.5 0.688114
259 57342.1 0.677685
260 57555.5 0.667414
261 57774.7 0.657297
262 57997.3 0.647333
263 58210.4 0.637519
264 58428.1 0.627853
265 58648.2 0.618332
266 58868.1 0.608956
267 59094.9 0.59972
268 59311.4 0.590624
269 59533 0.581665
270 59756.5 0.572841
271 59975.4 0.564151
272 60191.2 0.555592
273 60406.4 0.547162
274 60639.6 0.538859
275 60862.7 0.530682
276 61077.2 0.522628
277 61299.6 0.514696
278 61513.2 0.506884
279 61737.7 0.49919
280 61955.8 0.491612
281 62173.5 0.484149
282 62388.5 0.476799
283 62602.5 0.46956
284 62822.2 0.462431
285 63050.8 0.455409
286 63268.9 0.448494
287 63487.2 0.441683
288 63708.5 0.434976
289 63934.7 0.42837
290 64157.8 0.421864
291 64377.5 0.415457
292 64587.9 0.409146
293 64804.1 0.402932
294 65018.2 0.396811
295 65228.1 0.390783
296 65443.1 0.384847
297 65654.4 0.379
298 65872.9 0.373242
299 66086.7 0.367572
300 66300.1 0.361987
301 66509.3 0.356487
302 66722.8 0.35107
303 66942 0.345736
304 67155.4 0.340482
305 67368.4 0.335308
306 67586.6 0.330213
307 67808.1 0.325195
308 68018.5 0.320253
309 68233.2 0.315386
310 68447 0.310592
311 68659.3 0.305872
312 68876.6 0.301223
313 69100.3 0.296645
314 69314.6 0.292136
315 69528.2 0.287696
316 69748.7 0.283323
317 69960.8 0.279016
318 70173.8 0.274775
319 70385.7 0.270598
320 70604.2 0.266484
321 70819.3 0.262433
322 71037 0.258444
323 71249.2 0.254515
324 71463.4 0.250646
325 71675.6 0.246835
326 71896.5 0.243083
327 72109.4 0.239387
328 72322 0.235748
329 72535.1 0.232163
330 72749.4 0.228634
331 72967.8 0.225157
332 73177.9 0.221734
333 73392.9 0.218363
334 73605.4 0.215043
335 73816.7 0.211773
336 74027.1 0.208553
337 74235.4 0.205382
338 74449.9 0.202259
339 74661.2 0.199183
340 74876.3 0.196155
341 75089.1 0.193172
342 75307.1 0.190234
343 75520.4 0.187342
344 75735.1 0.184493
345 75949.6 0.181687
346 76161.2 0.178924
347 76376.5 0.176204
348 76588.4 0.173524
349 76803.6 0.170885
350 77017.5 0.168286
351 77231.8 0.165727
352 77441.5 0.163207
353 77649.8 0.160725
354 77867.8 0.158281
355 78080 0.155874
356 78293.9 0.153503
357 78507.6 0.151169
358 78723.3 0.148869
359 78939.3 0.146605
360 79154.5 0.144376
361 79367.7 0.14218
362 79580 0.140018
363 79792.9 0.137888
364 80008 0.135791
365 80223.1 0.133726
366 80439.2 0.131692
367 80652.5 0.129689
368 80866.5 0.127717
369 81083.1 0.125774
370 81305.1 0.123861
371 81519 0.121977
372 81739.8 0.120122
373 81959.3 0.118295
374 82171.3 0.116496
375 82383.2 0.114724
376 82594.4 0.112979
377 82807.2 0.111261
378 83028.3 0.109568
379 83242.3 0.107902
380 83450.9 0.106261
381 83658.9 0.104645
382 83875.1 0.103053
383 84089 0.101485
384 84303.4 0.0999418
385 84515.9 0.0984216
386 84732.2 0.0969246
387 84945.4 0.0954504
388 85162.7 0.0939985
389 85375.7 0.0925688
390 85589.1 0.0911607
391 85805.5 0.0897741
392 86019.1 0.0884086
393 86233.8 0.0870639
394 86447.7 0.0857396
395 86656.5 0.0844354
396 86870.3 0.0831511
397 87090.8 0.0818863
398 87306 0.0806408
399 87522.3 0.0794141
400 87738.9 0.0782062
401 87952.3 0.0770166
402 88164 0.0758451
403 88376 0.0746914
404 88587.9 0.0735553
405 88800.1 0.0724364
406 89015.2 0.0713346
407 89231 0.0702495
408 89448.8 0.069181
409 89664.8 0.0681286
410 89882.1 0.0670923
411 90092.9 0.0660718
412 90307.1 0.0650667
413 90521.7 0.064077
414 90735.4 0.0631023
415 90948.7 0.0621424
416 91164.9 0.0611972
417 91379.4 0.0602663
418 91592.6 0.0593495
419 91808.7 0.0584468
420 92024 0.0575577
421 92239.1 0.0566822
422 92450.9 0.05582
423 92665.8 0.0549709
424 92886.4 0.0541347
425 93100.8 0.0533112
426 93314.1 0.0525003
427 93527.4 0.0517017
428 93738.5 0.0509152
429 93959.5 0.0501407
430 94175.4 0.049378
431 94388.6 0.0486269
432 94602.7 0.0478872
433 94824.1 0.0471587
434 95034.5 0.0464414
435 95245.4 0.0457349
436 95461.3 0.0450392
437 95674.3 0.0443541
438 95889.6 0.0436794
439 96100.9 0.043015
440 96317.6 0.0423606
441 96531.4 0.0417163
442 96745.7 0.0410817
443 96958.1 0.0404568
444 97172.8 0.0398413
445 97381.9 0.0392353
446 97593.5 0.0386385
447 97807.9 0.0380507
448 98021.4 0.0374719
449 98233.7 0.0369019
450 98444.4 0.0363405
451 98657.4 0.0357877
452 98884.3 0.0352433
453 99097.1 0.0347072
454 99307.2 0.0341793
455 99518.4 0.0336593
456 99735.7 0.0331473
457 99951.1 0.0326431
458 100169 0.0321465
459 100381 0.0316575
460 100595 0.0311759
461 100810 0.0307017
462 101025 0.0302347
463 101238 0.0297747
464 101455 0.0293218
465 101666 0.0288758
466 101879 0.0284365
467 102094 0.0280039
468 102310 0.027578
469 102523 0.0271584
470 102740 0.0267453
471 102953 0.0263385
472 103161 0.0259378
473 103372 0.0255432
474 103579 0.0251547
475 103795 0.024772
476 104010 0.0243952
477 104219 0.0240241
478 104435 0.0236586
479 104644 0.0232988
480 104863 0.0229443
481 105073 0.0225953
482 105284 0.0222516
483 105498 0.0219131
484 105706 0.0215798
485 105923 0.0212515
486 106137 0.0209282
487 106346 0.0206099
488 106555 0.0202963
489 106769 0.0199876
490 106985 0.0196835
491 107196 0.0193841
492 107408 0.0190892
493 107615 0.0187989
494 107832 0.0185129
495 108043 0.0182313
496 108255 0.0179539
497 108465 0.0176808
498 108675 0.0174119
499 108894 0.017147
500 109106 0.0168862
501 109316 0.0166293
502 109525 0.0163763
503 109736 0.0161272
504 109952 0.0158819
505 110166 0.0156403
506 110382 0.0154024
507 110594 0.0151681
508 110812 0.0149373
509 111030 0.0147101
510 111247 0.0144863
511 111462 0.014266
512 111679 0.0140489
513 111892 0.0138352
514 112105 0.0136248
515 112317 0.0134175
516 112529 0.0132134
517 112739 0.0130124
518 112953 0.0128145
519 113168 0.0126195
520 113383 0.0124276
521 113589 0.0122385
522 113800 0.0120523
523 114015 0.011869
524 114229 0.0116884
525 114441 0.0115106
526 114657 0.0113355
527 114868 0.0111631
528 115077 0.0109933
529 115292 0.0108261
530 115508 0.0106614
531 115720 0.0104992
532 115933 0.0103395
533 116145 0.0101822
534 116357 0.0100273
535 116571 0.00987476
536 116789 0.00972455
537 117000 0.00957662
538 117211 0.00943094
539 117423 0.00928747
540 117631 0.00914619
541 117849 0.00900706
542 118065 0.00887004
543 118280 0.00873511
544 118494 0.00860223
545 118711 0.00847138
546 118930 0.00834251
547 119142 0.0082156
548 119353 0.00809063
549 119564 0.00796755
550 119774 0.00784635
551 119980 0.00772699
552 120185 0.00760945
553 120389 0.00749369
554 120601 0.0073797
555 120811 0.00726744
556 121021 0.00715688
557 121227 0.00704801
558 121443 0.0069408
559 121649 0.00683521
560 121862 0.00673124
561 122078 0.00662884
562 122283 0.006528
563 122487 0.0064287
564 122692 0.00633091
565 122903 0.0062346
566 123108 0.00613976
567 123312 0.00604636
568 123518 0.00595438
569 123727 0.0058638
570 123939 0.0057746
571 124144 0.00568676
572 124350 0.00560025
573 124560 0.00551506
574 124772 0.00543117
575 124979 0.00534855
576 125186 0.00526718
577 125395 0.00518706
578 125602 0.00510815
579 125816 0.00503045
580 126020 0.00495392
581 126227 0.00487857
582 126430 0.00480435
583 126633 0.00473127
584 126843 0.0046593
585 127053 0.00458842
586 127258 0.00451862
587 127468 0.00444988
588 127675 0.00438219
589 127883 0.00431553
590 128091 0.00424988
591 128299 0.00418523
592 128507 0.00412156
593 128715 0.00405887
594 128931 0.00399712
595 129134 0.00393632
596 129342 0.00387644
597 129546 0.00381747
598 129755 0.0037594
599 129963 0.00370221
600 130171 0.00364589
601 130376 0.00359043
602 130584 0.00353581
603 130794 0.00348203
604 131001 0.00342906
605 131206 0.00337689
606 131410 0.00332552
607 131621 0.00327494
608 131831 0.00322512
609 132038 0.00317606
610 132244 0.00312774
611 132453 0.00308016
612 132659 0.00303331
613 132868 0.00298716
614 133075 0.00294172
615 133281 0.00289697
616 133490 0.00285291
617 133696 0.00280951
618 133910 0.00276677
619 134118 0.00272468
620 134324 0.00268323
621 134528 0.00264241
622 134734 0.00260222
623 134940 0.00256263
624 135147 0.00252365
625 135353 0.00248526
626 135557 0.00244745
627 135763 0.00241022
628 135971 0.00237356
629 136175 0.00233745
630 136381 0.00230189
631 136589 0.00226688
632 136799 0.00223239
633 137005 0.00219843
634 137216 0.00216499
635 137418 0.00213206
636 137626 0.00209963
637 137834 0.00206769
638 138041 0.00203623
639 138244 0.00200526
640 138449 0.00197475
641 138656 0.00194471
642 138866 0.00191513
643 139073 0.001886
644 139276 0.00185731
645 139484 0.00182905
646 139688 0.00180123
647 139896 0.00177383
648 140104 0.00174685
649 140307 0.00172027
650 140513 0.0016941
651 140724 0.00166833
652 140937 0.00164295
653 141144 0.00161796
654 141352 0.00159335
655 141558 0.00156911
656 141765 0.00154524
657 141971 0.00152173
658 142175 0.00149859
659 142379 0.00147579
660 142588 0.00145334
661 142798 0.00143123
662 143006 0.00140946
663 143213 0.00138802
664 143416 0.0013669
665 143618 0.00134611
666 143824 0.00132563
667 144031 0.00130547
668 144237 0.00128561
669 144442 0.00126605
670 144650 0.00124679
671 144861 0.00122783
672 145071 0.00120915
673 145281 0.00119075
674 145488 0.00117264
675 145691 0.0011548
676 145899 0.00113724
677 146107 0.00111994
678 146315 0.0011029
679 146523 0.00108612
680 146730 0.0010696
681 146935 0.00105333
682 147144 0.00103731
683 147350 0.00102153
684 147555 0.00100599
685 147763 0.000990684
686 147968 0.000975613
687 148173 0.000960772
688 148380 0.000946157
689 148588 0.000931764
690 148793 0.00091759
691 148999 0.000903631
692 149211 0.000889885
693 149420 0.000876348
694 149622 0.000863017
695 149831 0.000849889
696 150036 0.00083696
697 150238 0.000824229
698 150445 0.00081169
699 150652 0.000799343
700 150863 0.000787183
701 151070 0.000775209
702 151275 0.000763416
703 151480 0.000751803
704 151684 0.000740366
705 151894 0.000729104
706 152102 0.000718013
707 152310 0.00070709
708 152513 0.000696334
709 152718 0.000685741
710 152928 0.00067531
711 153133 0.000665037
712 153339 0.00065492
713 153547 0.000644958
714 153759 0.000635146
715 153969 0.000625485
716 154173 0.00061597
717 154380 0.0006066
718 154583 0.000597372
719 154795 0.000588285
720 154999 0.000579336
721 155205 0.000570523
722 155413 0.000561844
723 155616 0.000553297
724 155822 0.00054488
725 156028 0.000536592
726 156235 0.000528429
727 156443 0.00052039
728 156649 0.000512474
729 156859 0.000504678
730 157061 0.000497001
