0 12.748 403.641
1 27.6812 172.413
2 41.7022 139.985
3 56.5228 114.721
4 71.4835 94.8761
5 86.059 79.2385
6 107.56 66.8902
7 127.379 57.1219
8 146.311 49.377
9 162.062 43.2153
10 183.184 38.288
11 201.807 34.3202
12 217.202 31.0964
13 240.919 28.449
14 256.395 26.2485
15 272.471 24.3957
16 287.43 22.8151
17 309.377 21.4492
18 322.256 20.2542
19 339.009 19.1966
20 359.96 18.251
21 376.611 17.3973
22 397.148 16.6202
23 415.669 15.9076
24 432.837 15.2498
25 448.638 14.639
26 473.288 14.069
27 500.271 13.5346
28 518.905 13.0316
29 536.092 12.5565
30 559.567 12.1063
31 577.045 11.6785
32 597.227 11.2711
33 611.911 10.8822
34 631.234 10.5103
35 645.407 10.1541
36 664.559 9.8123
37 680.739 9.48399
38 700.307 9.16825
39 714.505 8.8643
40 732.837 8.57141
41 752.035 8.28898
42 766.484 8.01642
43 782.351 7.75324
44 798.799 7.49896
45 813.648 7.25316
46 836.129 7.01546
47 856.221 6.78549
48 871.297 6.56264
49 892.093 6.3463
50 905.162 6.13614
51 921.548 5.93186
52 937.838 5.73321
53 952.602 5.53997
54 970.523 5.352
55 990.496 5.16914
56 1004.33 4.99128
57 1023.13 4.81833
58 1038.61 4.6502
59 1058.99 4.48679
60 1084.85 4.32805
61 1100.57 4.17388
62 1116.35 4.02424
63 1132.08 3.87904
64 1147 3.73821
65 1161.74 3.60168
66 1182.64 3.46937
67 1211.45 3.34122
68 1230.27 3.21714
69 1248.73 3.09706
70 1269.91 2.98089
71 1284.59 2.86855
72 1298.09 2.75997
73 1311.21 2.65505
74 1327.1 2.55371
75 1340.52 2.45587
76 1354.14 2.36145
77 1367.68 2.27035
78 1383.58 2.18249
79 1404.92 2.09779
80 1419.45 2.01615
81 1434.11 1.9375
82 1450.02 1.86175
83 1465.55 1.7888
84 1479.67 1.71859
85 1492.95 1.65102
86 1505.83 1.58601
87 1520.83 1.52349
88 1534.6 1.46336
89 1548.82 1.40556
90 1561.8 1.34999
91 1575.69 1.2966
92 1589.71 1.24529
93 1606.4 1.196
94 1621.87 1.14865
95 1635.09 1.10318
96 1652.76 1.05951
97 1669.68 1.01722
98 1684.29 0.976942
99 1700.27 0.93813
100 1713.31 0.900853
101 1728.18 0.865045
102 1741.53 0.830651
103 1755.41 0.797614
104 1768.36 0.765883
105 1781.22 0.735407
106 1794.67 0.706138
107 1809.08 0.678028
108 1826.49 0.651032
109 1840.77 0.625107
110 1862.06 0.60021
111 1875.03 0.576302
112 1889.74 0.553343
113 1903.13 0.531296
114 1917.88 0.510125
115 1931.66 0.489796
116 1947.37 0.470276
117 1960.48 0.451532
118 1973.17 0.433533
119 1986.73 0.416251
120 2000.26 0.399657
121 2015.17 0.383724
122 2028.79 0.368425
123 2043.73 0.353735
124 2058.6 0.33963
125 2073.7 0.326088
126 2086.62 0.313084
127 2099.96 0.300599
128 2113 0.288612
129 2126.01 0.277102
130 2141.35 0.266051
131 2155.2 0.25544
132 2168.94 0.245253
133 2182.3 0.235471
134 2196.01 0.22608
135 2208.78 0.217062
136 2229.27 0.208405
137 2247.65 0.200092
138 2263.02 0.192111
139 2276.38 0.184449
140 2289.82 0.177092
141 2305.84 0.170028
142 2318.79 0.163246
143 2331.55 0.156734
144 2344.58 0.150482
145 2359.38 0.14448
146 2374.39 0.138717
147 2389.15 0.133183
148 2403.36 0.127871
149 2416.62 0.12277
150 2433.45 0.117873
151 2446.69 0.113171
152 2460.33 0.108656
153 2474.5 0.104322
154 2488.82 0.100161
155 2501.95 0.0961651
156 2517.56 0.092329
157 2531.46 0.088646
158 2547.4 0.0851098
159 2560.25 0.0817147
160 2574.61 0.0784551
161 2593.07 0.0753254
162 2607.16 0.0723206
163 2620.1 0.0694357
164 2633.99 0.0666658
165 2647.17 0.0640065
166 2662.58 0.0614532
167 2675.4 0.0590017
168 2688.57 0.0566481
169 2702.38 0.0543883
170 2717.66 0.0522187
171 2731.4 0.0501356
172 2747.19 0.0481357
173 2761.11 0.0462155
174 2775.88 0.0443719
175 2790.17 0.0426018
176 2803.12 0.0409024
177 2820.89 0.0392707
178 2836.08 0.0377042
179 2851.65 0.0362001
180 2870.81 0.034756
181 2885.46 0.0333695
182 2898.42 0.0320384
183 2912.03 0.0307603
184 2924.89 0.0295333
185 2937.73 0.0283551
186 2950.98 0.027224
187 2963.9 0.026138
188 2978.3 0.0250953
189 2991.58 0.0240942
190 3006.85 0.0231331
191 3021.3 0.0222103
192 3035.06 0.0213243
193 3048.72 0.0204736
194 3062.29 0.0196569
195 3077.54 0.0188727
196 3093.51 0.0181199
197 3106.75 0.017397
198 3121.31 0.0167031
199 3134.82 0.0160367
200 3147.92 0.015397
201 3161.64 0.0147828
202 3177.44 0.0141931
203 3192.55 0.0136269
204 3208.22 0.0130833
205 3223.4 0.0125614
206 3242.01 0.0120603
207 3256.37 0.0115792
208 3270.78 0.0111173
209 3283.78 0.0106738
210 3300.76 0.010248
211 3313.76 0.0098392
212 3328.07 0.0094467
213 3342.85 0.00906986
214 3360.25 0.00870805
215 3373.66 0.00836067
216 3388.9 0.00802715
217 3402.09 0.00770694
218 3415.95 0.0073995
219 3432.17 0.00710432
220 3445.64 0.00682092
221 3460.51 0.00654882
222 3475.58 0.00628758
223 3488.67 0.00603676
224 3502.21 0.00579594
225 3515.49 0.00556473
226 3528.82 0.00534275
227 3541.89 0.00512962
228 3555.14 0.00492499
229 3569.37 0.00472852
230 3584.31 0.0045399
231 3597.82 0.00435879
232 3611.05 0.00418491
233 3624 0.00401797
234 3637.38 0.00385769
235 3650.67 0.0037038
236 3664.86 0.00355605
237 3677.94 0.00341419
238 3693.08 0.00327799
239 3706.2 0.00314723
240 3719.34 0.00302168
241 3733.23 0.00290114
242 3746.15 0.00278541
243 3759.33 0.0026743
244 3772.24 0.00256762
245 3785.32 0.00246519
246 3798.29 0.00236685
247 3812.91 0.00227243
248 3826.65 0.00218178
249 3839.65 0.00209475
250 3853.24 0.00201118
251 3867.54 0.00193096
252 3880.66 0.00185393
253 3893.79 0.00177997
254 3906.69 0.00170897
255 3919.76 0.00164079
256 3934.56 0.00157534
257 3948.47 0.0015125
258 3961.34 0.00145216
259 3974.7 0.00139423
260 3987.69 0.00133861
261 4000.7 0.00128521
262 4014.11 0.00123394
263 4027.38 0.00118472
264 4040.7 0.00113746
265 4054.09 0.00109209
266 4071.34 0.00104852
267 4086.28 0.00100669
268 4100.45 0.000966535
269 4114.06 0.000927978
270 4129.3 0.00089096
271 4142.3 0.000855418
272 4155.77 0.000821294
273 4168.71 0.000788531
274 4181.52 0.000757076
275 4194.46 0.000726875
276 4207.42 0.000697879
277 4222.95 0.000670039
278 4237.67 0.00064331
279 4251.87 0.000617648
280 4266.09 0.000593009
281 4280.18 0.000569353
282 4295.62 0.00054664
283 4310.35 0.000524834
284 4326.06 0.000503898
285 4339.6 0.000483796
286 4354.41 0.000464497
287 4367.81 0.000445968
288 4380.89 0.000428177
289 4393.98 0.000411097
290 4407.21 0.000394697
291 4420.08 0.000378952
292 4433.14 0.000363835
293 4446.36 0.000349321
294 4460.03 0.000335386
295 4474.31 0.000322007
296 4489.7 0.000309162
297 4505.33 0.000296829
298 4519.83 0.000284988
299 4535.02 0.000273619
300 4548.54 0.000262704
301 4561.48 0.000252225
302 4575.32 0.000242163
303 4588.46 0.000232503
304 4601.55 0.000223228
305 4614.78 0.000214323
306 4628.23 0.000205773
307 4641.26 0.000197565
308 4654.16 0.000189684
309 4667.48 0.000182117
310 4680.8 0.000174852
311 4694.06 0.000167877
312 4708.1 0.00016118
313 4721.4 0.00015475
314 4734.49 0.000148577
315 4747.57 0.00014265
316 4760.66 0.00013696
317 4774.17 0.000131496
318 4787.66 0.00012625
319 4801.4 0.000121214
320 4814.34 0.000116379
321 4827.51 0.000111736
322 4840.53 0.000107279
323 4856.91 0.000102999
324 4869.76 9.88905e-05
