0 20.451 326.175
1 35.5032 144.133
2 52.2072 107.308
3 65.5149 82.1747
4 82.8368 64.7719
5 96.6356 52.5972
6 110.521 43.9692
7 128.936 37.7448
8 144.14 33.1508
9 158.747 29.6698
10 171.927 26.959
11 189.6 24.7923
12 206.093 23.0194
13 225.813 21.539
14 241.125 20.2816
15 254.464 19.198
16 267.667 18.2524
17 281.957 17.4183
18 295.731 16.6756
19 311.812 16.0087
20 331.439 15.4052
21 351.357 14.8552
22 364.667 14.3507
23 378.618 13.8852
24 395.964 13.4532
25 410.996 13.0504
26 429.468 12.6729
27 448.938 12.3177
28 470.79 11.9821
29 485.864 11.6638
30 499.594 11.361
31 514.129 11.072
32 531.188 10.7955
33 548.148 10.5303
34 561.585 10.2753
35 577.56 10.0297
36 597.635 9.7927
37 615.508 9.56361
38 638.88 9.34187
39 655.666 9.12697
40 669.438 8.91848
41 683.83 8.71598
42 700.4 8.51915
43 716.749 8.32766
44 730.752 8.14126
45 751.4 7.95968
46 764.773 7.7827
47 782.843 7.61014
48 802.249 7.4418
49 824.212 7.27752
50 841.448 7.11713
51 855.026 6.96049
52 870.185 6.80747
53 891.634 6.65794
54 909.304 6.51178
55 924.177 6.36888
56 939.511 6.22914
57 955.972 6.09246
58 971.262 5.95874
59 984.723 5.82791
60 1001.21 5.69988
61 1015.46 5.57458
62 1032.66 5.45194
63 1048.7 5.33189
64 1065.79 5.21436
65 1081.5 5.09929
66 1097.13 4.98663
67 1112.74 4.87633
68 1126.77 4.76832
69 1143.84 4.66256
70 1165.02 4.559
71 1179.2 4.4576
72 1198.07 4.35831
73 1217.14 4.26108
74 1235.31 4.16587
75 1250.84 4.07265
76 1271.91 3.98138
77 1286.64 3.89202
78 1301.19 3.80452
79 1321.6 3.71886
80 1336.69 3.635
81 1354.63 3.55291
82 1368.5 3.47255
83 1382.76 3.39388
84 1396.15 3.31689
85 1410.29 3.24153
86 1424.56 3.16778
87 1438.25 3.09561
88 1451.42 3.02498
89 1465.17 2.95587
90 1479.37 2.88825
91 1495.81 2.82209
92 1510.44 2.75736
93 1524.31 2.69403
94 1537.98 2.63209
95 1551.19 2.5715
96 1567.41 2.51223
97 1580.95 2.45427
98 1594.24 2.39758
99 1610.64 2.34214
100 1623.81 2.28792
101 1638.16 2.23491
102 1652.06 2.18308
103 1665.75 2.1324
104 1678.83 2.08285
105 1692.14 2.03441
106 1706.16 1.98706
107 1720.38 1.94076
108 1733.26 1.89552
109 1746.43 1.85129
110 1759.7 1.80806
111 1773.23 1.76581
112 1786.18 1.72452
113 1799.29 1.68416
114 1812.2 1.64473
115 1825.42 1.60619
116 1839.46 1.56853
117 1853.39 1.53174
118 1867.91 1.49579
119 1881.16 1.46066
120 1894.44 1.42634
121 1907.67 1.3928
122 1920.92 1.36004
123 1933.98 1.32804
124 1947.4 1.29677
125 1963.1 1.26623
126 1976.58 1.23639
127 1991.37 1.20725
128 2004.97 1.17878
129 2018.47 1.15097
130 2031.49 1.12381
131 2044.6 1.09727
132 2058.5 1.07136
133 2072.5 1.04605
134 2085.96 1.02133
135 2099.06 0.997187
136 2112.24 0.973608
137 2126.55 0.950579
138 2139.39 0.92809
139 2152.66 0.906127
140 2166.19 0.884678
141 2179.43 0.863731
142 2192.8 0.843276
143 2206.15 0.823301
144 2219.06 0.803795
145 2232.25 0.784747
146 2245.02 0.766147
147 2259.09 0.747984
148 2272.42 0.730249
149 2286.02 0.712931
150 2299.26 0.69602
151 2312.38 0.679509
152 2325.6 0.663386
153 2341.6 0.647643
154 2354.67 0.632272
155 2368.03 0.617264
156 2381.69 0.60261
157 2395.1 0.588301
158 2409.42 0.574331
159 2422.43 0.560691
160 2435.49 0.547374
161 2449.01 0.534371
162 2463.68 0.521676
163 2477.61 0.509281
164 2491.17 0.497179
165 2504.31 0.485364
166 2518.33 0.473829
167 2531.69 0.462566
168 2544.49 0.451571
169 2557.76 0.440836
170 2570.95 0.430355
171 2583.96 0.420123
172 2597.33 0.410134
173 2610.44 0.400381
174 2623.66 0.390859
175 2636.82 0.381564
176 2652.28 0.372489
177 2672.42 0.363629
178 2689.52 0.354979
179 2703.86 0.346535
180 2717.26 0.338291
181 2730.69 0.330243
182 2743.82 0.322386
183 2757.11 0.314715
184 2770.43 0.307227
185 2783.7 0.299917
186 2797.31 0.29278
187 2810.87 0.285813
188 2825.22 0.279011
189 2838.69 0.272371
190 2853.25 0.265889
191 2867.57 0.259561
192 2880.83 0.253383
193 2894.26 0.247352
194 2907.1 0.241464
195 2920.81 0.235717
196 2934.08 0.230106
197 2947.26 0.224628
198 2960.21 0.219281
199 2973.49 0.214061
200 2987.13 0.208965
201 3000.53 0.20399
202 3013.8 0.199134
203 3027.21 0.194393
204 3040.58 0.189764
205 3054 0.185246
206 3067.13 0.180836
207 3081.24 0.17653
208 3094.31 0.172327
209 3107.36 0.168224
210 3120.83 0.164218
211 3134.08 0.160308
212 3147.31 0.156491
213 3160.54 0.152765
214 3174.02 0.149127
215 3186.99 0.145576
216 3200.08 0.142109
217 3213.39 0.138725
218 3226.15 0.135422
219 3239.43 0.132197
220 3252.53 0.129049
221 3265.87 0.125976
222 3279.49 0.122976
223 3292.35 0.120047
224 3305.55 0.117188
225 3319.09 0.114397
226 3332.25 0.111673
227 3345.66 0.109013
228 3359.08 0.106417
229 3371.98 0.103883
230 3385.27 0.101409
231 3398.77 0.0989936
232 3412.26 0.0966359
233 3425.34 0.0943344
234 3438.49 0.0920877
235 3451.67 0.0898945
236 3466.67 0.0877535
237 3485.92 0.0856635
238 3498.99 0.0836232
239 3513.74 0.0816315
240 3527.05 0.0796873
241 3540.97 0.0777894
242 3554.47 0.0759366
243 3568 0.074128
244 3581.1 0.0723624
245 3594.35 0.0706389
246 3608.96 0.0689565
247 3624.01 0.0673141
248 3639.36 0.0657108
249 3652.67 0.0641457
250 3667.49 0.0626178
251 3681.43 0.0611264
252 3698.35 0.0596705
253 3711.43 0.0582492
254 3725.8 0.0568618
255 3739.36 0.0555074
256 3754.47 0.0541853
257 3767.82 0.0528947
258 3780.99 0.0516348
259 3796.2 0.0504049
260 3809.05 0.0492044
261 3823.43 0.0480324
262 3837.09 0.0468883
263 3851.02 0.0457715
264 3864.03 0.0446812
265 3877.32 0.043617
266 3892.76 0.042578
267 3906.87 0.0415639
268 3921.04 0.0405739
269 3937.65 0.0396074
270 3953.48 0.038664
271 3967.09 0.0377431
272 3981.6 0.036844
273 3995.29 0.0359664
274 4008.75 0.0351097
275 4022.28 0.0342735
276 4035.97 0.0334571
277 4049.35 0.0326602
278 4062.61 0.0318822
279 4076.2 0.0311228
280 4090.26 0.0303815
281 4108.38 0.0296578
282 4121.64 0.0289514
283 4136.39 0.0282617
284 4149.92 0.0275886
285 4163.26 0.0269314
286 4176.6 0.0262899
287 4190.19 0.0256637
288 4203.97 0.0250524
289 4217.38 0.0244557
290 4236.01 0.0238731
291 4251.7 0.0233045
292 4264.77 0.0227494
293 4278.75 0.0222075
294 4292.39 0.0216785
295 4306.14 0.0211621
296 4319.61 0.0206581
297 4333.04 0.020166
298 4346.69 0.0196856
299 4360 0.0192167
300 4373.22 0.018759
301 4398.23 0.0183122
302 4412.09 0.017876
303 4425.92 0.0174502
304 4438.97 0.0170345
305 4452.22 0.0166287
306 4467.07 0.0162326
307 4480.68 0.015846
308 4494.18 0.0154685
309 4509.53 0.0151001
310 4523.09 0.0147404
311 4536.55 0.0143893
312 4550.06 0.0140465
313 4563.58 0.0137119
314 4581.45 0.0133853
315 4595.03 0.0130665
316 4610.1 0.0127552
317 4625.54 0.0124514
318 4640.19 0.0121548
319 4654.98 0.0118653
