0 12.9915 119.822
1 32.2524 64.4643
2 45.5809 45.138
3 58.799 35.3852
4 75.2864 29.4398
5 89.3579 25.3956
6 104.565 22.4452
7 120.927 20.1862
8 142.637 18.3941
9 164.598 16.9335
10 182.35 15.7173
11 200.343 14.6868
12 217.451 13.8011
13 243.589 13.0306
14 260.07 12.3535
15 275.642 11.753
16 295.25 11.2165
17 311.284 10.7337
18 325.247 10.2968
19 341.925 9.89926
20 356.936 9.53573
21 379.755 9.20187
22 398.647 8.89405
23 415.101 8.60923
24 436.502 8.3448
25 451.41 8.09857
26 472.921 7.86865
27 489.746 7.65339
28 508.454 7.45139
29 528.563 7.2614
30 546.019 7.08234
31 564.383 6.91325
32 582.895 6.75329
33 601.553 6.6017
34 614.66 6.45783
35 628.985 6.32106
36 650.401 6.19087
37 666.644 6.06677
38 685.201 5.94832
39 698.611 5.83514
40 712.771 5.72687
41 733.036 5.62317
42 751.68 5.52376
43 775.438 5.42837
44 795.083 5.33674
45 809.914 5.24866
46 829.581 5.1639
47 853.12 5.08229
48 872.618 5.00365
49 890.303 4.9278
50 905.419 4.85461
51 921.953 4.78393
52 934.931 4.71563
53 948.273 4.64959
54 961.289 4.58569
55 975.066 4.52385
56 991.395 4.46394
57 1004.88 4.4059
58 1022.51 4.34962
59 1040.12 4.29504
60 1060.16 4.24207
61 1085.77 4.19064
62 1103.11 4.14069
63 1122.63 4.09216
64 1137.82 4.04499
65 1157.28 3.99912
66 1174.18 3.9545
67 1188.84 3.91109
68 1206.05 3.86882
69 1223.19 3.82767
70 1239.96 3.78758
71 1257.23 3.74852
72 1272.23 3.71045
73 1288.54 3.67333
74 1301.84 3.63713
75 1322.9 3.60182
76 1335.96 3.56736
77 1355.08 3.53373
78 1371.81 3.5009
79 1386.78 3.46883
80 1403.65 3.4375
81 1417.71 3.40689
82 1435.78 3.37698
83 1451.4 3.34774
84 1464.3 3.31914
85 1477.66 3.29117
86 1494.22 3.26381
87 1507.5 3.23704
88 1520.71 3.21083
89 1537.28 3.18518
90 1553.31 3.16005
91 1567.47 3.13545
92 1580.41 3.11134
93 1593.58 3.08771
94 1608.65 3.06456
95 1622.39 3.04186
96 1635.31 3.0196
97 1649.14 2.99776
98 1662.19 2.97634
99 1676.35 2.95532
100 1689.06 2.93469
101 1702.54 2.91443
102 1715.72 2.89454
103 1728.71 2.87501
104 1741.83 2.85582
105 1754.76 2.83696
106 1767.63 2.81843
107 1781.03 2.80021
108 1795.99 2.78229
109 1809.58 2.76467
110 1823.73 2.74734
111 1838.98 2.73028
112 1853.23 2.7135
113 1870.9 2.69698
114 1886.65 2.68071
115 1899.66 2.66469
116 1913.36 2.64891
117 1926.6 2.63336
118 1939.9 2.61805
119 1953.66 2.60295
120 1966.53 2.58806
121 1979.87 2.57339
122 1994.73 2.55891
123 2008.34 2.54463
124 2023.95 2.53055
125 2036.94 2.51664
126 2051.5 2.50292
127 2064.72 2.48938
128 2079.6 2.476
129 2092.65 2.4628
130 2105.69 2.44975
131 2118.77 2.43686
132 2132.48 2.42412
133 2145.41 2.41154
134 2159.16 2.39909
135 2171.95 2.38679
136 2185 2.37463
137 2199.66 2.3626
138 2214.8 2.3507
139 2229.89 2.33893
140 2248.67 2.32728
141 2261.7 2.31575
142 2274.48 2.30434
143 2287.55 2.29305
144 2300.81 2.28187
145 2313.87 2.27079
146 2328.33 2.25983
147 2342.69 2.24896
148 2356.1 2.2382
149 2369.41 2.22754
150 2382.85 2.21697
151 2397.04 2.2065
152 2409.91 2.19612
153 2422.89 2.18584
154 2436.12 2.17564
155 2451.24 2.16552
156 2464.84 2.15549
157 2478.55 2.14555
158 2491.59 2.13568
159 2504.63 2.12589
160 2517.61 2.11618
161 2531.19 2.10655
162 2544.34 2.09699
163 2557.72 2.0875
164 2572.43 2.07808
165 2588.54 2.06873
166 2606.56 2.05945
167 2630.99 2.05024
168 2644.34 2.04109
169 2657.55 2.03201
170 2670.88 2.02299
171 2687.02 2.01404
172 2699.82 2.00514
173 2713.06 1.9963
174 2728.21 1.98752
175 2741.22 1.9788
176 2755.61 1.97014
177 2769.88 1.96153
178 2783.42 1.95298
179 2796.96 1.94448
180 2810.19 1.93603
181 2824.18 1.92764
182 2841.6 1.91929
183 2861.39 1.911
184 2877.38 1.90275
185 2893.67 1.89456
186 2908.78 1.88641
187 2924.08 1.87831
188 2937.15 1.87026
189 2949.93 1.86225
190 2964.85 1.85429
191 2978.03 1.84638
192 2991.76 1.8385
193 3004.71 1.83067
194 3018.06 1.82289
195 3033.62 1.81514
196 3052.01 1.80744
197 3066.62 1.79978
198 3082.57 1.79216
199 3097.18 1.78458
200 3112.14 1.77704
201 3125.54 1.76954
202 3139.43 1.76208
203 3154.11 1.75466
204 3167.58 1.74727
205 3183.2 1.73992
206 3196.21 1.73261
207 3212.21 1.72534
208 3226.19 1.7181
209 3239.33 1.7109
210 3254.18 1.70373
211 3274.79 1.6966
212 3287.91 1.6895
213 3301.03 1.68244
214 3316.76 1.67541
215 3330.8 1.66842
216 3344.51 1.66146
217 3358.88 1.65453
218 3372.29 1.64764
219 3385.73 1.64078
220 3402.06 1.63395
221 3415.42 1.62715
222 3428.77 1.62038
223 3442.45 1.61365
224 3458.44 1.60695
225 3471.67 1.60028
226 3487.01 1.59363
227 3503.51 1.58702
228 3516.49 1.58044
229 3529.41 1.57389
230 3542.41 1.56737
231 3555.28 1.56088
232 3571.24 1.55442
233 3584.31 1.54798
234 3597.23 1.54158
235 3610.07 1.5352
236 3623.33 1.52886
237 3636.34 1.52254
238 3650.04 1.51625
239 3664.88 1.50998
240 3679.23 1.50375
241 3692.2 1.49754
242 3705 1.49136
243 3718.35 1.4852
244 3731.43 1.47908
245 3744.47 1.47298
246 3759.61 1.4669
247 3772.5 1.46086
248 3785.73 1.45484
249 3798.76 1.44884
250 3811.93 1.44287
251 3825.15 1.43693
252 3838.24 1.43101
253 3851.25 1.42512
254 3866.82 1.41925
255 3880.28 1.41341
256 3893.76 1.4076
257 3906.85 1.4018
258 3920.12 1.39604
259 3933.01 1.3903
260 3946.98 1.38458
261 3961.04 1.37888
262 3974.2 1.37322
263 3988.41 1.36757
264 4001.27 1.36195
265 4014.09 1.35635
266 4027.39 1.35078
267 4040.58 1.34523
268 4053.57 1.3397
269 4066.82 1.3342
270 4080.27 1.32872
271 4094.55 1.32326
272 4107.93 1.31783
273 4123.38 1.31241
274 4136.33 1.30702
275 4149.39 1.30166
276 4162.24 1.29632
277 4175.2 1.29099
278 4187.99 1.28569
279 4201.22 1.28042
280 4214.09 1.27516
281 4228.05 1.26993
282 4242.46 1.26472
283 4255.81 1.25953
284 4269.19 1.25436
285 4285.35 1.24922
286 4301.33 1.24409
287 4315.74 1.23899
288 4330.97 1.23391
289 4344.73 1.22884
290 4357.65 1.2238
291 4370.38 1.21878
292 4383.35 1.21379
293 4396.44 1.20881
294 4409.73 1.20385
295 4422.85 1.19892
296 4438.24 1.194
297 4451.54 1.1891
298 4464.61 1.18423
299 4477.77 1.17937
300 4494.07 1.17454
301 4507.19 1.16972
302 4520.83 1.16493
303 4534.89 1.16015
304 4549.45 1.1554
305 4564.62 1.15066
306 4577.84 1.14594
307 4590.81 1.14125
308 4604.03 1.13657
309 4616.87 1.13191
310 4630.37 1.12727
311 4645.31 1.12265
312 4658.67 1.11805
313 4671.49 1.11347
314 4685.57 1.1089
315 4699.89 1.10436
316 4714.77 1.09983
317 4727.76 1.09533
318 4741.1 1.09084
319 4754.39 1.08637
320 4767.27 1.08192
321 4780.39 1.07748
322 4793.66 1.07307
323 4806.75 1.06867
324 4820.11 1.06429
325 4834.21 1.05993
326 4847.7 1.05559
327 4860.63 1.05126
328 4873.57 1.04695
329 4887.09 1.04266
330 4900.05 1.03839
331 4913.49 1.03414
332 4927.5 1.0299
333 4940.81 1.02568
334 4954.25 1.02148
335 4967.58 1.01729
336 4980.66 1.01312
337 4993.9 1.00897
338 5006.95 1.00484
339 5020.17 1.00072
340 5033.16 0.996622
341 5046.2 0.992538
342 5059.56 0.988472
343 5072.76 0.984422
344 5085.96 0.980389
345 5098.88 0.976372
346 5112.54 0.972372
347 5126.94 0.968388
348 5140.3 0.96442
349 5153.38 0.960469
350 5166.27 0.956533
351 5179.11 0.952614
352 5192.34 0.948711
353 5205.28 0.944825
354 5218.6 0.940953
355 5232.37 0.937098
356 5246.64 0.933259
357 5259.57 0.929435
358 5272.85 0.925627
359 5288.22 0.921835
360 5301.33 0.918058
361 5314.19 0.914296
362 5327.41 0.91055
363 5342.08 0.90682
364 5355.8 0.903104
365 5368.79 0.899404
366 5382.09 0.895719
367 5395.25 0.892049
368 5408.56 0.888394
369 5421.5 0.884754
370 5434.42 0.881129
371 5447.14 0.877519
372 5461.29 0.873923
373 5474.5 0.870343
374 5488.38 0.866777
375 5502.17 0.863225
376 5515.36 0.859688
377 5528.36 0.856166
378 5542.72 0.852658
379 5556.42 0.849164
380 5569.72 0.845684
381 5583.47 0.842219
382 5596.47 0.838768
383 5609.31 0.835331
384 5622.65 0.831909
385 5635.28 0.8285
386 5648.03 0.825105
387 5661 0.821724
388 5673.59 0.818357
389 5687.64 0.815004
390 5700.62 0.811664
391 5713.79 0.808338
392 5727.17 0.805026
393 5740.63 0.801727
394 5754.44 0.798442
395 5767 0.79517
396 5779.57 0.791911
397 5792.85 0.788666
398 5805.52 0.785435
399 5818.63 0.782216
400 5831.19 0.77901
401 5844.6 0.775818
402 5858.21 0.772639
403 5872.66 0.769473
404 5885.95 0.766319
405 5899.49 0.763179
406 5913.86 0.760051
407 5927.22 0.756937
408 5940.3 0.753835
409 5956.44 0.750745
410 5969.86 0.747669
411 5982.71 0.744605
412 5995.68 0.741553
413 6008.79 0.738514
414 6021.82 0.735487
415 6045.77 0.732473
416 6065.4 0.729471
417 6078.62 0.726482
418 6091.97 0.723504
419 6106.83 0.720539
420 6120.63 0.717586
421 6134.19 0.714645
422 6148.22 0.711716
423 6162.16 0.708799
424 6175.9 0.705894
425 6189.1 0.703001
426 6202.48 0.70012
427 6215.69 0.69725
428 6229.08 0.694392
429 6245.02 0.691546
430 6258.49 0.688712
431 6271.7 0.685889
432 6285.09 0.683078
433 6300.4 0.680278
434 6314.73 0.677489
435 6328.11 0.674713
436 6341.73 0.671947
437 6355.67 0.669193
438 6369.84 0.66645
439 6383.42 0.663718
440 6396.81 0.660998
441 6410.18 0.658288
442 6423.96 0.65559
443 6437.52 0.652902
444 6451.31 0.650226
445 6464.77 0.647561
446 6477.85 0.644906
447 6490.8 0.642263
448 6504.21 0.63963
449 6517.94 0.637008
450 6531.31 0.634397
451 6544.91 0.631796
452 6558.4 0.629206
453 6571.88 0.626627
454 6585 0.624058
455 6599.94 0.6215
456 6613.55 0.618952
457 6626.26 0.616415
458 6638.77 0.613888
459 6651.18 0.611371
460 6663.35 0.608865
461 6675.91 0.606369
462 6689.09 0.603883
463 6702.13 0.601407
464 6715.15 0.598942
465 6728.08 0.596486
466 6740.73 0.594041
467 6753.48 0.591606
468 6767.91 0.58918
469 6781.05 0.586765
470 6793.52 0.584359
471 6806.06 0.581963
472 6818.94 0.579577
473 6832.28 0.577201
474 6844.87 0.574835
475 6857.65 0.572478
476 6871.53 0.570131
477 6884.88 0.567793
478 6897.62 0.565465
479 6910.18 0.563147
480 6922.59 0.560838
481 6934.85 0.558539
482 6947.06 0.556249
483 6959.57 0.553968
484 6972.15 0.551697
485 6986.45 0.549435
486 7000.54 0.547182
487 7013.02 0.544938
488 7025.38 0.542704
489 7037.82 0.540479
490 7050.25 0.538263
491 7063.07 0.536055
492 7075.58 0.533857
493 7088.93 0.531668
494 7111.59 0.529488
495 7125.74 0.527317
496 7138.97 0.525155
497 7152.05 0.523002
498 7164.62 0.520857
499 7178.44 0.518721
500 7191.21 0.516594
501 7205.29 0.514476
502 7219.74 0.512366
503 7232.5 0.510265
504 7246.93 0.508173
505 7260.35 0.506089
506 7272.87 0.504014
507 7285.41 0.501947
508 7298.08 0.499889
509 7310.31 0.497839
510 7322.32 0.495797
511 7334.43 0.493764
512 7346.96 0.491739
513 7359.69 0.489723
514 7374.06 0.487715
515 7386.79 0.485715
516 7399.91 0.483723
517 7414.86 0.481739
518 7428.25 0.479763
519 7440.92 0.477796
520 7455.18 0.475837
521 7468.8 0.473885
522 7481.45 0.471942
523 7494.24 0.470006
524 7506.8 0.468079
525 7519.34 0.466159
526 7531.67 0.464247
527 7543.86 0.462343
528 7555.98 0.460447
529 7568.23 0.458559
530 7580.76 0.456678
531 7593.08 0.454805
532 7605.39 0.45294
533 7620.86 0.451083
534 7634.81 0.449233
535 7647.59 0.44739
536 7662.01 0.445555
537 7675.31 0.443728
538 7688.1 0.441908
539 7700.42 0.440096
540 7713.56 0.438291
541 7726.81 0.436493
542 7739.61 0.434703
543 7752.51 0.43292
544 7765.44 0.431144
545 7777.99 0.429376
546 7791.25 0.427615
547 7803.76 0.425861
548 7819.89 0.424114
549 7834.42 0.422375
550 7848.45 0.420642
551 7861.2 0.418917
552 7873.52 0.417199
553 7885.71 0.415488
554 7897.87 0.413783
555 7910.54 0.412086
556 7923.79 0.410396
557 7936.69 0.408713
558 7949.93 0.407036
559 7962.8 0.405367
560 7976.36 0.403704
561 7988.65 0.402048
562 8001.37 0.400399
563 8013.88 0.398757
564 8027.71 0.397121
565 8041.52 0.395492
566 8054.48 0.39387
567 8067.56 0.392254
568 8080.25 0.390645
569 8093.07 0.389043
570 8105.73 0.387447
571 8117.87 0.385858
572 8130.63 0.384275
573 8145.18 0.382699
574 8162.73 0.381129
575 8175.37 0.379565
576 8188 0.378008
577 8200.89 0.376458
578 8214.28 0.374913
579 8229.13 0.373376
580 8246.23 0.371844
581 8260.2 0.370319
582 8273.71 0.368799
583 8286.53 0.367287
584 8299.35 0.36578
585 8312.31 0.364279
586 8324.92 0.362785
587 8337.53 0.361297
588 8350.56 0.359815
589 8363.08 0.358339
590 8375.73 0.356869
591 8388.65 0.355405
592 8401.33 0.353947
593 8414.22 0.352495
594 8427.59 0.351049
595 8440.89 0.349609
596 8454.9 0.348174
597 8468.03 0.346746
598 8480.76 0.345324
599 8493.16 0.343907
600 8505.21 0.342496
601 8517.79 0.341091
602 8530.26 0.339692
603 8542.74 0.338298
604 8554.82 0.33691
605 8567.22 0.335528
606 8579.82 0.334152
607 8592.7 0.332781
608 8604.94 0.331415
609 8617.18 0.330056
610 8629.98 0.328702
611 8642.37 0.327353
612 8654.83 0.32601
613 8669.16 0.324673
614 8682.24 0.323341
615 8694.92 0.322014
616 8707.61 0.320693
617 8720.15 0.319377
618 8732.58 0.318067
619 8744.93 0.316762
620 8757.99 0.315463
621 8770.6 0.314168
622 8783.25 0.312879
623 8795.61 0.311596
624 8807.97 0.310317
625 8820.43 0.309044
626 8832.96 0.307776
627 8845.86 0.306513
628 8858.78 0.305256
629 8873.14 0.304004
630 8886.41 0.302756
631 8899.97 0.301514
632 8913.21 0.300277
633 8925.91 0.299045
634 8938.75 0.297818
635 8951.38 0.296596
636 8964.03 0.295379
637 8976.53 0.294167
638 8988.98 0.29296
639 9002.03 0.291758
640 9014.65 0.290561
641 9026.43 0.289369
642 9039.01 0.288182
643 9052.32 0.286999
644 9065.01 0.285822
645 9078.1 0.284649
646 9092.76 0.283481
647 9106 0.282318
648 9118.46 0.28116
649 9131.59 0.280006
650 9144.34 0.278857
651 9157.82 0.277713
652 9170.66 0.276574
653 9183.06 0.275439
654 9195.7 0.274309
655 9208.39 0.273183
656 9223.36 0.272062
657 9237.19 0.270946
658 9250.89 0.269834
659 9263.14 0.268727
660 9276 0.267624
661 9290.3 0.266526
662 9303.67 0.265433
663 9316.8 0.264344
664 9329.1 0.263259
665 9341.45 0.262179
666 9353.63 0.261103
667 9366.27 0.260032
668 9378.91 0.258965
669 9390.87 0.257902
670 9402.86 0.256844
671 9417.39 0.25579
672 9430.52 0.25474
673 9443.14 0.253695
674 9455.65 0.252654
675 9468.99 0.251617
676 9481.59 0.250585
677 9495.97 0.249557
678 9509.51 0.248533
679 9522.08 0.247513
680 9534.48 0.246497
681 9546.74 0.245486
682 9559.22 0.244478
683 9571.79 0.243475
684 9584.26 0.242476
685 9597.08 0.241481
686 9609.39 0.24049
687 9621.75 0.239503
688 9634.93 0.23852
689 9647.44 0.237542
690 9660.1 0.236567
691 9672.61 0.235596
692 9684.78 0.234629
693 9699.76 0.233667
694 9712.54 0.232708
695 9725.65 0.231753
696 9738.45 0.230802
697 9751.22 0.229855
698 9763.33 0.228912
699 9775.95 0.227972
700 9788.35 0.227037
701 9801.25 0.226105
702 9813.59 0.225177
703 9825.73 0.224253
704 9838.52 0.223333
705 9851.53 0.222416
706 9864.05 0.221504
707 9877.11 0.220595
708 9889.45 0.21969
709 9904.36 0.218788
710 9917.21 0.21789
711 9929.61 0.216996
712 9942.23 0.216106
713 9955.35 0.215219
714 9968.04 0.214336
715 9980.94 0.213456
716 9993.41 0.21258
717 10006 0.211708
718 10019 0.210839
719 10031.6 0.209974
720 10043.7 0.209112
721 10056.5 0.208254
722 10069.3 0.207399
723 10081.5 0.206548
724 10094.2 0.205701
725 10109.3 0.204856
726 10122.4 0.204016
727 10135.6 0.203178
728 10148.6 0.202345
729 10162 0.201514
730 10174.6 0.200687
731 10187.3 0.199864
732 10200.5 0.199044
733 10213 0.198227
734 10226.2 0.197413
735 10243.7 0.196603
736 10261.6 0.195796
737 10277.1 0.194993
738 10289.9 0.194192
739 10303.4 0.193396
740 10317.4 0.192602
741 10330.2 0.191811
742 10343.8 0.191024
743 10356.8 0.19024
744 10369.3 0.18946
745 10381.9 0.188682
746 10394.6 0.187908
747 10406.9 0.187137
748 10419.4 0.186369
749 10432 0.185604
750 10444.4 0.184842
751 10456.6 0.184083
752 10469.8 0.183328
753 10482.1 0.182576
754 10494.5 0.181826
755 10509.1 0.18108
756 10522.7 0.180337
757 10535.4 0.179597
758 10548.5 0.17886
759 10561 0.178126
760 10573.1 0.177395
761 10585.4 0.176667
762 10597.6 0.175942
763 10610.2 0.17522
764 10622.7 0.174501
765 10635.1 0.173784
766 10647.4 0.173071
767 10659.5 0.172361
768 10671.9 0.171654
769 10684.7 0.170949
770 10697.2 0.170247
771 10709.9 0.169549
772 10725.2 0.168853
773 10738.4 0.16816
774 10751.1 0.16747
775 10763.6 0.166782
776 10776 0.166098
777 10788.5 0.165416
778 10800.9 0.164737
779 10813.5 0.164061
780 10825.9 0.163388
781 10838.5 0.162717
782 10851.5 0.16205
783 10863.6 0.161385
784 10909.9 0.160722
785 10926.6 0.160063
786 10940.3 0.159406
787 10953.5 0.158751
788 10966 0.1581
789 10979.3 0.157451
790 10991.8 0.156805
791 11004.5 0.156161
792 11017.3 0.15552
793 11030.4 0.154882
794 11043.1 0.154246
795 11056 0.153613
796 11068.5 0.152983
797 11081.4 0.152355
798 11094.1 0.15173
799 11106.6 0.151107
800 11119.4 0.150487
801 11132.2 0.149869
802 11190.7 0.149254
803 11225.7 0.148642
804 11255.5 0.148031
805 11283.7 0.147424
806 11312.3 0.146819
807 11341.1 0.146216
808 11379.3 0.145616
809 11421.8 0.145019
810 11443.7 0.144423
811 11472.5 0.143831
812 11502.7 0.14324
813 11528.9 0.142652
814 11558.1 0.142067
815 11596.8 0.141484
816 11647.3 0.140903
817 11676 0.140325
818 11725 0.139749
819 11753.2 0.139175
820 11800.1 0.138604
821 11840.7 0.138035
822 11867.8 0.137469
823 11891.9 0.136904
824 11905.9 0.136343
825 11918.8 0.135783
826 11934.6 0.135226
827 11947.8 0.134671
828 11960.7 0.134118
829 11989.1 0.133567
830 12020 0.133019
831 12052.7 0.132473
832 12081.3 0.13193
833 12109.7 0.131388
834 12146.8 0.130849
835 12204.9 0.130312
836 12238.4 0.129777
837 12266.8 0.129244
838 12293.7 0.128714
839 12321.5 0.128186
840 12336.8 0.127659
841 12362.4 0.127135
842 12390 0.126614
843 12425 0.126094
844 12462.5 0.125576
845 12493.4 0.125061
846 12532.4 0.124548
847 12560.1 0.124037
848 12589.1 0.123527
849 12616.9 0.12302
850 12643.7 0.122515
851 12672.6 0.122013
852 12711.2 0.121512
853 12741 0.121013
854 12775.8 0.120516
855 12804.5 0.120022
856 12853.7 0.119529
857 12884.9 0.119039
858 12922 0.11855
859 12959 0.118063
860 12989.9 0.117579
861 13020.6 0.117096
862 13049.4 0.116616
863 13088.2 0.116137
864 13126.8 0.11566
865 13160.3 0.115186
866 13201.4 0.114713
867 13230.5 0.114242
868 13262.2 0.113773
869 13291.3 0.113306
870 13326.4 0.112841
871 13364.6 0.112378
872 13392.8 0.111917
873 13422.8 0.111457
874 13451.8 0.111
875 13480.3 0.110544
876 13507.6 0.11009
877 13536.3 0.109639
878 13569.3 0.109189
879 13599 0.10874
880 13631 0.108294
881 13660.5 0.10785
882 13687.7 0.107407
883 13717.3 0.106966
884 13744.7 0.106527
885 13772.6 0.10609
886 13821.1 0.105654
887 13866 0.105221
888 13893.7 0.104789
889 13922.8 0.104359
890 13965.4 0.10393
891 13994.3 0.103504
892 14031.4 0.103079
893 14058.8 0.102656
894 14087.7 0.102234
895 14115.1 0.101815
896 14142.4 0.101397
897 14170.6 0.100981
898 14200.6 0.100566
899 14230.4 0.100153
900 14277.3 0.0997424
901 14304.7 0.099333
902 14354.4 0.0989252
903 14383.3 0.0985192
904 14414.5 0.0981148
905 14475.1 0.0977121
906 14505.4 0.097311
907 14531.5 0.0969116
908 14558.9 0.0965138
909 14598.7 0.0961177
910 14626.6 0.0957232
911 14655.8 0.0953302
912 14690.1 0.094939
913 14726.3 0.0945493
914 14754.8 0.0941612
915 14781.9 0.0937747
916 14810.8 0.0933898
917 14838.3 0.0930064
918 14867.6 0.0926247
919 14896.4 0.0922445
920 14939.3 0.0918659
921 14990.6 0.0914888
922 15017.8 0.0911133
923 15045.6 0.0907393
924 15073.4 0.0903668
925 15103.3 0.0899959
926 15137 0.0896265
927 15166.7 0.0892586
928 15195 0.0888923
929 15224.2 0.0885274
930 15257.7 0.088164
931 15293.6 0.0878021
932 15328.3 0.0874417
933 15382.9 0.0870828
934 15420 0.0867254
935 15448.5 0.0863694
936 15477.3 0.0860149
937 15505.9 0.0856618
938 15534.6 0.0853102
939 15562.7 0.08496
940 15590 0.0846113
941 15625.3 0.084264
942 15655.2 0.0839181
943 15683.9 0.0835737
944 15719.5 0.0832306
945 15746.6 0.082889
946 15809.4 0.0825488
947 15846.1 0.0822099
948 15881.5 0.0818725
949 15908.9 0.0815364
950 15939 0.0812017
951 15966.3 0.0808684
952 15994.9 0.0805365
953 16024.4 0.0802059
954 16051.4 0.0798767
955 16100.1 0.0795488
956 16129.1 0.0792223
957 16157.1 0.0788971
958 16186.1 0.0785733
959 16213.8 0.0782508
960 16244.5 0.0779296
961 16281.2 0.0776097
962 16317.6 0.0772911
963 16353 0.0769739
964 16389.8 0.0766579
965 16417.2 0.0763433
966 16446.7 0.0760299
967 16491.2 0.0757178
968 16527 0.075407
969 16556.4 0.0750975
970 16583.9 0.0747892
971 16611.6 0.0744822
972 16651.8 0.0741765
973 16680.7 0.073872
974 16709.4 0.0735688
975 16747.2 0.0732668
976 16789.2 0.0729661
977 16819.8 0.0726666
978 16848 0.0723683
979 16877.5 0.0720713
980 16905.7 0.0717754
981 16935.4 0.0714808
982 16963.7 0.0711874
983 17003.4 0.0708952
984 17032.8 0.0706042
985 17060.5 0.0703144
986 17089 0.0700258
987 17116.6 0.0697383
988 17146.4 0.0694521
989 17174.6 0.069167
990 17210.5 0.0688831
991 17255.8 0.0686003
992 17282.7 0.0683187
993 17300.5 0.0680383
994 17314.8 0.067759
995 17327.4 0.0674809
996 17365.9 0.0672039
997 17396.3 0.066928
998 17424.3 0.0666533
999 17467.8 0.0663797
1000 17500 0.0661072
1001 17528.2 0.0658359
1002 17557.3 0.0655656
1003 17588 0.0652965
1004 17636.1 0.0650285
1005 17668.6 0.0647616
1006 17714.5 0.0644957
1007 17758.7 0.064231
1008 17786.6 0.0639673
1009 17814.5 0.0637048
1010 17842.1 0.0634433
1011 17886.6 0.0631828
1012 17925.3 0.0629235
1013 17954.8 0.0626652
1014 17990 0.062408
1015 18016.6 0.0621518
1016 18045.9 0.0618967
1017 18075.5 0.0616426
1018 18120.8 0.0613896
1019 18162.2 0.0611376
1020 18215.2 0.0608866
1021 18244.2 0.0606367
1022 18270.8 0.0603878
1023 18303.1 0.0601399
1024 18337.6 0.0598931
1025 18376.5 0.0596472
1026 18424.6 0.0594024
1027 18455.1 0.0591585
1028 18484 0.0589157
1029 18512 0.0586739
1030 18539.2 0.058433
1031 18565.7 0.0581932
1032 18618.3 0.0579543
1033 18645.2 0.0577164
1034 18684 0.0574795
1035 18714.9 0.0572436
1036 18747.3 0.0570086
1037 18776.9 0.0567746
1038 18805.2 0.0565415
1039 18843.7 0.0563094
1040 18872.3 0.0560783
1041 18901.6 0.0558481
1042 18929.9 0.0556189
1043 18946.3 0.0553906
1044 18987 0.0551632
1045 19017.2 0.0549367
1046 19057.4 0.0547112
1047 19084.6 0.0544867
1048 19108.6 0.054263
1049 19123.1 0.0540403
1050 19135.8 0.0538184
1051 19175.4 0.0535975
1052 19206.6 0.0533775
1053 19243.9 0.0531584
1054 19290.4 0.0529402
1055 19322.9 0.0527229
1056 19353.2 0.0525065
1057 19382.1 0.0522909
1058 19411.5 0.0520763
1059 19454.8 0.0518625
1060 19487.9 0.0516496
1061 19517.8 0.0514376
1062 19546.9 0.0512265
1063 19576.8 0.0510162
1064 19618.5 0.0508068
1065 19647.9 0.0505982
1066 19696.5 0.0503906
1067 19728.9 0.0501837
1068 19757.8 0.0499777
1069 19789.3 0.0497726
1070 19818.2 0.0495683
1071 19846.2 0.0493648
1072 19874.2 0.0491621
1073 19920.2 0.0489603
1074 19962.1 0.0487594
1075 20002.5 0.0485592
1076 20032.1 0.0483599
1077 20061.1 0.0481614
1078 20091.8 0.0479637
1079 20120.2 0.0477668
1080 20151.7 0.0475707
1081 20183.1 0.0473755
1082 20210.7 0.047181
1083 20241.8 0.0469873
1084 20269.5 0.0467944
1085 20326.2 0.0466024
1086 20356.7 0.0464111
1087 20401 0.0462205
1088 20426.8 0.0460308
1089 20441.5 0.0458419
1090 20499.2 0.0456537
1091 20543.7 0.0454663
1092 20581.6 0.0452797
1093 20617.3 0.0450938
1094 20645.5 0.0449087
1095 20673.3 0.0447243
1096 20702.4 0.0445408
1097 20730.9 0.0443579
1098 20758.9 0.0441758
1099 20789.1 0.0439945
1100 20823.9 0.0438139
1101 20838 0.0436341
1102 20851.9 0.043455
1103 20871.7 0.0432766
1104 20915.8 0.0430989
1105 20943.8 0.042922
1106 20972.6 0.0427458
1107 21001 0.0425704
1108 21036.3 0.0423956
1109 21103.1 0.0422216
1110 21131.6 0.0420483
1111 21164.7 0.0418757
1112 21197.8 0.0417038
1113 21226.4 0.0415326
1114 21259.6 0.0413621
1115 21292.1 0.0411923
1116 21319.2 0.0410232
1117 21335.1 0.0408548
1118 21347.6 0.0406871
1119 21360.9 0.0405201
1120 21393.8 0.0403538
1121 21421.8 0.0401881
1122 21451.2 0.0400232
1123 21482.6 0.0398589
1124 21523 0.0396953
1125 21554.3 0.0395323
1126 21582.7 0.03937
1127 21611.5 0.0392084
1128 21657.3 0.0390475
1129 21685.7 0.0388872
1130 21734.7 0.0387276
1131 21754.8 0.0385686
1132 21783.4 0.0384103
1133 21821.5 0.0382526
1134 21850.5 0.0380956
1135 21878.9 0.0379392
1136 21942.1 0.0377835
1137 21980.9 0.0376284
1138 22009.1 0.0374739
1139 22054.3 0.0373201
1140 22081.5 0.0371669
1141 22109.1 0.0370143
1142 22137 0.0368624
1143 22165.1 0.0367111
1144 22204.5 0.0365604
1145 22256.1 0.0364103
1146 22283.1 0.0362608
1147 22304.1 0.036112
1148 22332.3 0.0359637
1149 22360.5 0.0358161
1150 22419.1 0.0356691
1151 22455.7 0.0355227
1152 22490.4 0.0353769
1153 22529.8 0.0352316
1154 22583 0.035087
1155 22609.9 0.034943
1156 22642.7 0.0347996
1157 22671.7 0.0346567
1158 22701.7 0.0345144
1159 22730.4 0.0343728
1160 22753.5 0.0342317
1161 22767.8 0.0340912
1162 22781.3 0.0339512
1163 22802.4 0.0338118
1164 22830.1 0.033673
1165 22863.8 0.0335348
1166 22893.7 0.0333972
1167 22923.1 0.0332601
1168 22941.4 0.0331235
1169 22969.9 0.0329876
1170 22996.8 0.0328522
1171 23023.8 0.0327173
1172 23053.3 0.032583
1173 23081.2 0.0324493
1174 23119.8 0.0323161
1175 23148.2 0.0321834
1176 23176.9 0.0320513
1177 23204.7 0.0319197
1178 23233.6 0.0317887
1179 23264 0.0316582
1180 23292.9 0.0315283
1181 23328.8 0.0313988
1182 23351.9 0.0312699
1183 23366.1 0.0311416
1184 23378.6 0.0310137
1185 23441.5 0.0308864
1186 23503.9 0.0307597
1187 23546.3 0.0306334
1188 23577.5 0.0305076
1189 23607 0.0303824
1190 23667.3 0.0302577
1191 23695.4 0.0301335
1192 23722.4 0.0300098
1193 23758.7 0.0298866
1194 23790.9 0.0297639
1195 23818.4 0.0296417
1196 23867.9 0.0295201
1197 23897 0.0293989
1198 23923.9 0.0292782
1199 23956.2 0.029158
1200 23991.5 0.0290383
1201 24020.2 0.0289191
1202 24075.9 0.0288004
1203 24103.4 0.0286822
1204 24129.9 0.0285645
1205 24167.5 0.0284472
1206 24198.5 0.0283304
1207 24215.8 0.0282141
1208 24230.7 0.0280983
1209 24259 0.027983
1210 24286.7 0.0278681
1211 24313.6 0.0277537
1212 24341.1 0.0276398
1213 24370.6 0.0275263
1214 24404.5 0.0274133
1215 24433.2 0.0273008
1216 24462.5 0.0271887
1217 24496 0.0270771
1218 24524 0.026966
1219 24554.9 0.0268553
1220 24587.8 0.026745
1221 24621.4 0.0266353
1222 24669.9 0.0265259
1223 24705.6 0.026417
1224 24734.2 0.0263086
1225 24762.2 0.0262006
1226 24790.5 0.026093
1227 24820.7 0.0259859
1228 24871.8 0.0258793
1229 24917.3 0.025773
1230 24946.9 0.0256672
1231 24974.5 0.0255619
1232 25004.9 0.0254569
1233 25040 0.0253524
1234 25085.5 0.0252484
1235 25114.4 0.0251447
1236 25142.9 0.0250415
1237 25171.4 0.0249387
1238 25212.1 0.0248363
1239 25261.6 0.0247344
1240 25288.2 0.0246329
1241 25305.4 0.0245317
1242 25330.2 0.024431
1243 25393.4 0.0243308
1244 25425.2 0.0242309
1245 25450.1 0.0241314
1246 25470.3 0.0240324
1247 25510.7 0.0239337
1248 25543.5 0.0238355
1249 25561.9 0.0237376
1250 25600.2 0.0236402
1251 25634.8 0.0235431
1252 25661.8 0.0234465
1253 25681.7 0.0233502
1254 25725 0.0232544
1255 25758.8 0.0231589
1256 25787.3 0.0230639
1257 25817.7 0.0229692
1258 25846.1 0.0228749
1259 25861.7 0.022781
1260 25876.4 0.0226875
1261 25910.4 0.0225944
1262 25964.2 0.0225016
1263 26007.6 0.0224092
1264 26073.9 0.0223172
1265 26103.8 0.0222256
1266 26146.7 0.0221344
1267 26175.6 0.0220435
1268 26216 0.0219531
1269 26244.9 0.0218629
1270 26262.7 0.0217732
1271 26290.9 0.0216838
1272 26311.4 0.0215948
1273 26359.9 0.0215062
1274 26434.7 0.0214179
1275 26484.8 0.02133
1276 26527.4 0.0212424
1277 26557.5 0.0211552
1278 26571.2 0.0210684
1279 26584.7 0.0209819
1280 26614.3 0.0208957
1281 26635.3 0.02081
1282 26649.5 0.0207245
1283 26662.8 0.0206395
1284 26676.6 0.0205547
1285 26690.2 0.0204704
1286 26705 0.0203863
1287 26718.1 0.0203027
1288 26751.9 0.0202193
1289 26765.5 0.0201363
1290 26790.4 0.0200537
1291 26821.5 0.0199713
1292 26867.1 0.0198894
1293 26880.7 0.0198077
1294 26902.2 0.0197264
1295 26917.7 0.0196454
1296 26956.5 0.0195648
1297 26969.8 0.0194845
1298 26983.7 0.0194045
1299 27008 0.0193248
1300 27097.1 0.0192455
1301 27137.6 0.0191665
1302 27177.9 0.0190878
1303 27195.3 0.0190095
1304 27210.5 0.0189314
1305 27223 0.0188537
1306 27266.8 0.0187763
1307 27301.9 0.0186993
1308 27330.3 0.0186225
1309 27347.4 0.018546
1310 27374.1 0.0184699
1311 27426 0.0183941
1312 27455.6 0.0183186
1313 27481.6 0.0182434
1314 27499.3 0.0181685
1315 27528.9 0.0180939
1316 27556.7 0.0180197
1317 27572.7 0.0179457
1318 27586.2 0.017872
1319 27600.7 0.0177987
1320 27614.5 0.0177256
1321 27627.8 0.0176528
1322 27641.5 0.0175804
1323 27679.4 0.0175082
1324 27729.1 0.0174363
1325 27759.6 0.0173647
1326 27797.2 0.0172935
1327 27871.8 0.0172225
1328 27941.8 0.0171518
1329 27993.9 0.0170814
1330 28021.4 0.0170113
1331 28050.6 0.0169414
1332 28078.8 0.0168719
1333 28115.2 0.0168026
1334 28144.7 0.0167336
1335 28175.7 0.016665
1336 28206 0.0165965
1337 28230.4 0.0165284
1338 28258.5 0.0164606
1339 28285.1 0.016393
1340 28354.2 0.0163257
1341 28398.5 0.0162587
1342 28436.7 0.016192
1343 28465.1 0.0161255
1344 28492.4 0.0160593
1345 28520.2 0.0159934
1346 28550.2 0.0159277
1347 28581.8 0.0158623
1348 28609.5 0.0157972
1349 28643.7 0.0157324
1350 28700.2 0.0156678
1351 28727.7 0.0156035
1352 28754.8 0.0155394
1353 28782.5 0.0154756
1354 28812.1 0.0154121
1355 28843.9 0.0153488
1356 28873.7 0.0152858
1357 28900.8 0.0152231
1358 28928.2 0.0151606
1359 28956.3 0.0150984
1360 28983.7 0.0150364
1361 29011.2 0.0149747
1362 29038.8 0.0149132
1363 29087.1 0.014852
1364 29115.8 0.014791
1365 29142.8 0.0147303
1366 29170.4 0.0146698
1367 29198.5 0.0146096
1368 29226.4 0.0145496
1369 29255.5 0.0144899
1370 29285.2 0.0144304
1371 29307.8 0.0143712
1372 29322.2 0.0143122
1373 29336.8 0.0142534
1374 29359.7 0.0141949
1375 29397.5 0.0141367
1376 29478.8 0.0140786
1377 29515.6 0.0140208
1378 29543.3 0.0139633
1379 29570.6 0.013906
1380 29597.7 0.0138489
1381 29624.9 0.013792
1382 29654.1 0.0137354
1383 29681.1 0.013679
1384 29708.8 0.0136229
1385 29746.5 0.013567
1386 29774.6 0.0135113
1387 29801.9 0.0134558
1388 29830 0.0134006
1389 29857.1 0.0133456
1390 29884.5 0.0132908
1391 29911.5 0.0132362
1392 29939.6 0.0131819
1393 29972.1 0.0131278
1394 30010.5 0.0130739
1395 30037.5 0.0130202
1396 30064.6 0.0129668
1397 30093.3 0.0129135
1398 30120.4 0.0128605
1399 30148 0.0128077
1400 30177.2 0.0127552
1401 30206.9 0.0127028
1402 30221.2 0.0126507
1403 30235.7 0.0125987
1404 30256.5 0.012547
1405 30270.8 0.0124955
1406 30283.8 0.0124442
1407 30298.8 0.0123931
1408 30311.5 0.0123423
1409 30328.8 0.0122916
1410 30342.2 0.0122411
1411 30355 0.0121909
1412 30368.1 0.0121408
1413 30382 0.012091
1414 30396.6 0.0120414
1415 30410.1 0.0119919
1416 30424.4 0.0119427
1417 30437.8 0.0118937
1418 30451 0.0118449
1419 30463.9 0.0117962
1420 30476.5 0.0117478
1421 30489.7 0.0116996
1422 30501.9 0.0116516
1423 30514.4 0.0116037
1424 30527 0.0115561
1425 30539.5 0.0115087
1426 30552.2 0.0114614
1427 30565.6 0.0114144
1428 30578.3 0.0113675
1429 30590.7 0.0113209
1430 30605.1 0.0112744
1431 30620.2 0.0112281
1432 30633.5 0.011182
1433 30646.4 0.0111361
1434 30659.2 0.0110904
1435 30671.4 0.0110449
1436 30683.4 0.0109995
1437 30696.2 0.0109544
1438 30710.2 0.0109094
1439 30723.3 0.0108646
1440 30736 0.01082
1441 30750.1 0.0107756
1442 30763.2 0.0107314
1443 30775.8 0.0106873
1444 30789.3 0.0106435
1445 30802.9 0.0105998
1446 30817 0.0105563
1447 30830 0.0105129
1448 30842.5 0.0104698
1449 30855.4 0.0104268
1450 30868 0.010384
1451 30881.8 0.0103414
1452 30894.9 0.0102989
1453 30908.1 0.0102566
1454 30921 0.0102145
1455 30933.7 0.0101726
1456 30947 0.0101308
1457 30959.6 0.0100893
1458 30973.7 0.0100478
1459 30988.1 0.0100066
1460 31001.1 0.00996551
1461 31013.8 0.00992461
1462 31028 0.00988387
1463 31041 0.00984329
1464 31054.4 0.00980289
1465 31066.4 0.00976264
1466 31078.9 0.00972257
1467 31091.4 0.00968266
1468 31104 0.00964291
1469 31116.6 0.00960333
1470 31129.1 0.00956391
1471 31141.3 0.00952465
1472 31154.7 0.00948555
1473 31167.6 0.00944661
1474 31180.7 0.00940783
1475 31193.8 0.00936921
1476 31207 0.00933075
1477 31221.2 0.00929245
1478 31241.2 0.0092543
1479 31255.5 0.00921632
1480 31268.7 0.00917848
1481 31281.6 0.00914081
1482 31295 0.00910328
1483 31307 0.00906591
1484 31319.9 0.0090287
1485 31335.9 0.00899164
1486 31350.1 0.00895473
1487 31363.6 0.00891797
1488 31376.2 0.00888136
1489 31389.1 0.0088449
1490 31401.3 0.00880859
1491 31413.9 0.00877243
1492 31427.6 0.00873642
1493 31441 0.00870056
1494 31453.1 0.00866484
1495 31465.9 0.00862927
1496 31478.5 0.00859385
1497 31492.3 0.00855857
1498 31505 0.00852344
1499 31519 0.00848845
1500 31531.9 0.00845361
1501 31545 0.00841891
1502 31557.7 0.00838435
1503 31571.3 0.00834993
1504 31585.3 0.00831565
1505 31597.4 0.00828152
1506 31610.8 0.00824752
1507 31623.2 0.00821367
1508 31635.9 0.00817995
1509 31650.8 0.00814637
1510 31666.9 0.00811293
1511 31680.3 0.00807963
1512 31693.3 0.00804646
1513 31706.3 0.00801343
1514 31719.5 0.00798053
1515 31732.7 0.00794777
1516 31746 0.00791515
1517 31759.4 0.00788266
1518 31772.9 0.0078503
1519 31786.2 0.00781807
1520 31799.5 0.00778598
1521 31812.6 0.00775402
1522 31826.9 0.00772219
1523 31840.7 0.00769049
1524 31853.7 0.00765892
1525 31866.3 0.00762748
1526 31879.7 0.00759617
1527 31892.2 0.00756499
1528 31904.5 0.00753393
1529 31917.1 0.00750301
1530 31929.7 0.00747221
1531 31942.3 0.00744153
1532 31955.6 0.00741099
1533 31968.1 0.00738056
1534 31981.5 0.00735027
1535 31994.7 0.00732009
1536 32008.6 0.00729005
1537 32026 0.00726012
1538 32039.8 0.00723032
1539 32053.2 0.00720064
1540 32066.3 0.00717108
1541 32079.8 0.00714164
1542 32094 0.00711232
1543 32107.1 0.00708313
1544 32120.3 0.00705405
1545 32139 0.0070251
1546 32151.7 0.00699626
1547 32164.6 0.00696754
1548 32177 0.00693894
1549 32189.7 0.00691045
1550 32202.4 0.00688209
1551 32215.1 0.00685383
1552 32230.5 0.0068257
1553 32244 0.00679768
1554 32257.9 0.00676978
1555 32270.6 0.00674199
1556 32282.7 0.00671431
1557 32296 0.00668675
1558 32309.2 0.0066593
1559 32323.4 0.00663196
1560 32336.8 0.00660474
1561 32350.3 0.00657763
1562 32363 0.00655063
1563 32375.9 0.00652373
1564 32389.1 0.00649695
1565 32401.3 0.00647029
1566 32413.5 0.00644372
1567 32426.7 0.00641727
1568 32439.7 0.00639093
1569 32452.7 0.0063647
1570 32465.9 0.00633857
1571 32478.6 0.00631255
1572 32490.6 0.00628664
1573 32502.5 0.00626083
1574 32515.6 0.00623513
1575 32529 0.00620953
1576 32541.6 0.00618404
1577 32554.3 0.00615866
1578 32568 0.00613338
1579 32580.7 0.0061082
1580 32593.2 0.00608313
1581 32605.2 0.00605815
1582 32618.5 0.00603329
1583 32631.3 0.00600852
1584 32644.3 0.00598385
1585 32657.6 0.00595929
1586 32670.1 0.00593483
1587 32682.1 0.00591047
1588 32694.6 0.0058862
1589 32708.6 0.00586204
1590 32722.8 0.00583798
1591 32735.8 0.00581401
1592 32748.2 0.00579015
1593 32760.7 0.00576638
1594 32772.4 0.00574271
1595 32785 0.00571913
1596 32797.2 0.00569566
1597 32809.4 0.00567227
1598 32824.5 0.00564899
1599 32836.6 0.0056258
1600 32849.3 0.00560271
1601 32862.1 0.00557971
1602 32874.8 0.0055568
1603 32887.5 0.00553399
1604 32899.8 0.00551128
1605 32912.9 0.00548865
1606 32927.5 0.00546612
1607 32939.2 0.00544368
1608 32952.8 0.00542134
1609 32965.8 0.00539908
1610 32978.4 0.00537692
1611 32991.5 0.00535485
1612 33004.1 0.00533287
1613 33016.4 0.00531097
1614 33029 0.00528917
1615 33042.9 0.00526746
1616 33056.4 0.00524584
1617 33069.8 0.0052243
1618 33083.2 0.00520286
1619 33096.2 0.0051815
1620 33110 0.00516023
1621 33123.3 0.00513905
1622 33139.5 0.00511795
1623 33152 0.00509694
1624 33165.7 0.00507602
1625 33178.6 0.00505518
1626 33191.1 0.00503443
1627 33203.7 0.00501377
1628 33216.1 0.00499318
1629 33229.4 0.00497269
1630 33247.3 0.00495227
1631 33260.6 0.00493194
1632 33274.4 0.0049117
1633 33287 0.00489154
1634 33299.8 0.00487146
1635 33312.1 0.00485146
1636 33325.3 0.00483154
1637 33338.4 0.00481171
1638 33358.8 0.00479196
1639 33372.4 0.00477229
1640 33386.2 0.0047527
1641 33399.6 0.00473319
1642 33415 0.00471376
1643 33430.5 0.00469441
1644 33451 0.00467514
1645 33464.2 0.00465595
1646 33477.9 0.00463683
1647 33492.2 0.0046178
1648 33505.8 0.00459884
1649 33518.9 0.00457997
1650 33532.7 0.00456117
1651 33548.4 0.00454244
1652 33562.6 0.00452379
1653 33576.3 0.00450522
1654 33591 0.00448673
1655 33605.6 0.00446831
1656 33619.2 0.00444997
1657 33632.1 0.0044317
1658 33646 0.00441351
1659 33660.1 0.00439539
1660 33673.8 0.00437735
1661 33687.5 0.00435938
1662 33700.7 0.00434149
1663 33712.7 0.00432366
1664 33727.3 0.00430592
1665 33740.3 0.00428824
1666 33757.2 0.00427064
1667 33770.1 0.00425311
1668 33783.8 0.00423565
1669 33797 0.00421826
1670 33810.3 0.00420094
1671 33823.2 0.0041837
1672 33836.7 0.00416653
1673 33849.4 0.00414942
1674 33862.7 0.00413239
1675 33876.3 0.00411543
1676 33890.1 0.00409853
1677 33904.7 0.00408171
1678 33918.6 0.00406495
1679 33931.6 0.00404826
1680 33944.2 0.00403165
1681 33958 0.0040151
1682 33977.3 0.00399862
1683 33991 0.0039822
1684 34005.4 0.00396585
1685 34018.4 0.00394957
1686 34031.4 0.00393336
1687 34043.9 0.00391721
1688 34057.3 0.00390113
1689 34070.1 0.00388512
1690 34082.7 0.00386917
1691 34095.4 0.00385329
1692 34107.8 0.00383747
1693 34120.6 0.00382172
1694 34132.8 0.00380603
1695 34145.7 0.00379041
1696 34160.2 0.00377485
1697 34175.7 0.00375935
1698 34193.8 0.00374392
1699 34205.7 0.00372855
1700 34219.5 0.00371325
1701 34233.4 0.003698
1702 34246.4 0.00368282
1703 34261.1 0.0036677
1704 34273.5 0.00365265
1705 34286.2 0.00363765
1706 34298.6 0.00362272
1707 34310.9 0.00360785
1708 34323.2 0.00359304
1709 34335.9 0.00357829
1710 34347.9 0.0035636
1711 34360.9 0.00354897
1712 34373.5 0.0035344
1713 34387 0.0035199
1714 34400.3 0.00350545
1715 34412.9 0.00349106
1716 34427.9 0.00347673
1717 34443.3 0.00346245
1718 34456.1 0.00344824
1719 34469.7 0.00343409
1720 34486.6 0.00341999
1721 34503.6 0.00340595
1722 34517.8 0.00339197
1723 34531.4 0.00337804
1724 34545 0.00336418
1725 34558.8 0.00335037
1726 34571.2 0.00333661
1727 34584.3 0.00332292
1728 34599.8 0.00330928
1729 34613.3 0.00329569
1730 34627.2 0.00328216
1731 34640.2 0.00326869
1732 34652.9 0.00325527
1733 34664.8 0.00324191
1734 34676.9 0.0032286
1735 34689.3 0.00321535
1736 34703.7 0.00320215
1737 34716.7 0.003189
1738 34729.7 0.00317591
1739 34742.6 0.00316288
1740 34758.3 0.00314989
1741 34771.8 0.00313696
1742 34784 0.00312409
1743 34796.4 0.00311126
1744 34809.1 0.00309849
1745 34826.1 0.00308577
1746 34839.2 0.0030731
1747 34852.3 0.00306049
1748 34865.4 0.00304793
1749 34877.4 0.00303541
1750 34889.9 0.00302295
1751 34902.1 0.00301054
1752 34915.4 0.00299819
1753 34927.6 0.00298588
1754 34940.2 0.00297362
1755 34952.9 0.00296141
1756 34965.2 0.00294926
1757 34977 0.00293715
1758 34989.6 0.00292509
1759 35002 0.00291309
1760 35014.6 0.00290113
1761 35027.3 0.00288922
1762 35041 0.00287736
1763 35053.9 0.00286555
1764 35065.6 0.00285378
1765 35078.6 0.00284207
1766 35091.7 0.0028304
1767 35104.4 0.00281878
1768 35118.7 0.00280721
1769 35131.3 0.00279569
1770 35144.6 0.00278421
1771 35158 0.00277278
1772 35170.6 0.0027614
1773 35183.9 0.00275007
1774 35196.5 0.00273878
1775 35209.2 0.00272753
1776 35222.7 0.00271634
1777 35236.5 0.00270519
1778 35250.7 0.00269408
1779 35269.7 0.00268302
1780 35281.5 0.00267201
1781 35293.5 0.00266104
1782 35305.6 0.00265012
1783 35317.6 0.00263924
1784 35330 0.00262841
1785 35342.2 0.00261762
1786 35355.7 0.00260687
1787 35369.6 0.00259617
1788 35382.7 0.00258551
1789 35396.4 0.0025749
1790 35408.9 0.00256433
1791 35423.2 0.0025538
1792 35438.3 0.00254332
1793 35452.2 0.00253288
1794 35465.2 0.00252248
1795 35478.2 0.00251213
1796 35490.9 0.00250181
1797 35503.4 0.00249154
1798 35515.8 0.00248132
1799 35533 0.00247113
1800 35549.2 0.00246099
1801 35563.3 0.00245088
1802 35576 0.00244082
1803 35588.8 0.0024308
1804 35600.9 0.00242083
1805 35613.6 0.00241089
1806 35626.7 0.00240099
1807 35639.2 0.00239114
1808 35652.8 0.00238132
1809 35666.1 0.00237154
1810 35679.2 0.00236181
1811 35691.1 0.00235211
1812 35704 0.00234246
1813 35716.3 0.00233284
1814 35728.3 0.00232327
1815 35740.7 0.00231373
1816 35752.8 0.00230423
1817 35765.1 0.00229477
1818 35777.4 0.00228535
1819 35789.5 0.00227597
1820 35801.7 0.00226663
1821 35813.4 0.00225732
1822 35826.6 0.00224806
1823 35839.2 0.00223883
1824 35851.6 0.00222964
1825 35865 0.00222049
1826 35878.4 0.00221137
1827 35894.3 0.00220229
1828 35906.7 0.00219325
1829 35919 0.00218425
1830 35932 0.00217528
1831 35944.3 0.00216635
1832 35957.2 0.00215746
1833 35969.6 0.0021486
1834 35981.8 0.00213978
1835 35993.7 0.002131
1836 36006.5 0.00212225
1837 36019 0.00211354
1838 36031.2 0.00210487
1839 36043.6 0.00209622
1840 36055.8 0.00208762
1841 36068.3 0.00207905
1842 36083.9 0.00207052
1843 36097.1 0.00206202
1844 36110.3 0.00205355
1845 36123.1 0.00204512
1846 36136.1 0.00203673
1847 36150 0.00202837
1848 36162.4 0.00202004
1849 36174.6 0.00201175
1850 36188.5 0.00200349
1851 36201.7 0.00199526
1852 36216.3 0.00198707
1853 36230.5 0.00197892
1854 36242.9 0.00197079
1855 36255.6 0.0019627
1856 36268.7 0.00195465
1857 36281.8 0.00194662
1858 36294.8 0.00193863
1859 36316.3 0.00193067
1860 36329.6 0.00192275
1861 36342.5 0.00191486
1862 36355.1 0.001907
1863 36368.8 0.00189917
1864 36382.4 0.00189137
1865 36395.9 0.00188361
1866 36408.3 0.00187587
1867 36421 0.00186817
1868 36433.9 0.00186051
1869 36447 0.00185287
1870 36459.3 0.00184526
1871 36470.7 0.00183769
1872 36482.9 0.00183014
1873 36496.2 0.00182263
1874 36509.2 0.00181515
1875 36527.2 0.0018077
1876 36539.6 0.00180028
1877 36551.4 0.00179289
1878 36563 0.00178553
1879 36578.7 0.0017782
1880 36599.7 0.0017709
1881 36615.6 0.00176363
1882 36628.8 0.00175639
1883 36641 0.00174918
1884 36653.3 0.001742
1885 36665.2 0.00173485
1886 36678.2 0.00172773
1887 36690.3 0.00172063
1888 36703.1 0.00171357
1889 36715.8 0.00170654
1890 36729.2 0.00169953
1891 36741.1 0.00169255
1892 36753 0.00168561
1893 36765.4 0.00167869
1894 36777.9 0.0016718
1895 36790.9 0.00166493
1896 36803.3 0.0016581
1897 36814.8 0.00165129
1898 36827.3 0.00164451
1899 36839.6 0.00163776
1900 36852.1 0.00163104
1901 36864.1 0.00162435
1902 36876.1 0.00161768
1903 36888.5 0.00161104
1904 36900.2 0.00160442
1905 36912.6 0.00159784
1906 36926.2 0.00159128
1907 36940.3 0.00158475
1908 36958.1 0.00157824
1909 36970.2 0.00157176
1910 36982.4 0.00156531
1911 36994 0.00155888
1912 37006 0.00155249
1913 37018.3 0.00154611
1914 37031.1 0.00153977
1915 37044.2 0.00153344
1916 37057.4 0.00152715
1917 37069.9 0.00152088
1918 37082.5 0.00151464
1919 37095.4 0.00150842
1920 37107.7 0.00150223
1921 37120.3 0.00149606
1922 37132.3 0.00148992
1923 37147.3 0.0014838
1924 37164.3 0.00147771
1925 37184.7 0.00147165
1926 37197.6 0.00146561
1927 37210.7 0.00145959
1928 37222.6 0.0014536
1929 37238 0.00144763
1930 37253.1 0.00144169
1931 37266.1 0.00143577
1932 37278.6 0.00142988
1933 37290.9 0.00142401
1934 37303.1 0.00141816
1935 37315.9 0.00141234
1936 37329.7 0.00140654
1937 37341.4 0.00140077
1938 37355.9 0.00139502
1939 37368.9 0.00138929
1940 37381.1 0.00138359
1941 37393.2 0.00137791
1942 37405 0.00137225
1943 37417.4 0.00136662
1944 37429.4 0.00136101
1945 37442 0.00135542
1946 37455.3 0.00134986
1947 37467.8 0.00134432
1948 37480 0.0013388
1949 37492.9 0.0013333
1950 37505 0.00132783
1951 37517.3 0.00132238
1952 37530.4 0.00131695
1953 37542.4 0.00131154
1954 37555.1 0.00130616
1955 37568.9 0.0013008
1956 37582.7 0.00129546
1957 37595.5 0.00129014
1958 37607.7 0.00128485
1959 37619.9 0.00127957
1960 37635.4 0.00127432
1961 37652.9 0.00126909
1962 37665.1 0.00126388
1963 37677.6 0.00125869
1964 37689.4 0.00125352
1965 37702 0.00124838
1966 37714.2 0.00124325
1967 37726.9 0.00123815
1968 37739.4 0.00123307
1969 37752.2 0.001228
1970 37764.2 0.00122296
1971 37776.5 0.00121794
1972 37789.5 0.00121294
1973 37801.9 0.00120796
1974 37813.5 0.00120301
1975 37825.2 0.00119807
1976 37837.2 0.00119315
1977 37848.9 0.00118825
1978 37861.5 0.00118337
1979 37875.2 0.00117852
1980 37887.5 0.00117368
1981 37900.4 0.00116886
1982 37912.3 0.00116406
1983 37924.4 0.00115928
1984 37936.5 0.00115453
1985 37949.3 0.00114979
1986 37961.6 0.00114507
1987 37977.4 0.00114037
1988 37990 0.00113568
1989 38002.3 0.00113102
1990 38014.6 0.00112638
1991 38026.8 0.00112176
1992 38039.1 0.00111715
1993 38051.6 0.00111257
1994 38063.8 0.001108
1995 38076.5 0.00110345
1996 38089.1 0.00109892
1997 38101.6 0.00109441
1998 38114 0.00108992
1999 38127.8 0.00108544
2000 38139.6 0.00108099
2001 38151.5 0.00107655
2002 38165.4 0.00107213
2003 38177.5 0.00106773
2004 38190.5 0.00106335
2005 38203.4 0.00105898
2006 38216.4 0.00105463
2007 38229.2 0.0010503
2008 38242.9 0.00104599
2009 38255.9 0.0010417
2010 38268.5 0.00103742
2011 38280.1 0.00103316
2012 38291.9 0.00102892
2013 38303.9 0.0010247
2014 38317 0.00102049
2015 38329.3 0.0010163
2016 38341.7 0.00101213
2017 38354.1 0.00100798
2018 38366.8 0.00100384
2019 38380 0.000999719
2020 38394.9 0.000995615
2021 38408.3 0.000991528
2022 38421.1 0.000987458
2023 38436.1 0.000983404
2024 38449.1 0.000979367
2025 38467.9 0.000975347
2026 38481 0.000971343
2027 38493.4 0.000967356
2028 38505.9 0.000963385
2029 38518.5 0.00095943
2030 38530.7 0.000955492
2031 38542.6 0.000951569
2032 38554.9 0.000947663
2033 38566.8 0.000943773
2034 38580.8 0.000939899
2035 38593.2 0.000936041
2036 38607.1 0.000932198
2037 38625.5 0.000928372
2038 38638.4 0.000924561
2039 38652.7 0.000920765
2040 38665.5 0.000916986
2041 38686.9 0.000913221
2042 38701.2 0.000909473
2043 38714.6 0.000905739
2044 38727.2 0.000902021
2045 38739.8 0.000898318
2046 38752.4 0.000894631
2047 38764.5 0.000890958
2048 38777 0.000887301
2049 38789.5 0.000883659
2050 38801.9 0.000880031
2051 38815.6 0.000876419
2052 38828.4 0.000872821
2053 38840.8 0.000869238
2054 38853.6 0.00086567
2055 38865.9 0.000862116
2056 38879.2 0.000858577
2057 38892.8 0.000855053
2058 38906 0.000851543
2059 38918.5 0.000848047
2060 38932.5 0.000844566
2061 38946 0.000841099
2062 38959.6 0.000837646
2063 38973.4 0.000834208
2064 38985.9 0.000830783
2065 38998 0.000827373
2066 39010.6 0.000823977
2067 39022.5 0.000820594
2068 39036.5 0.000817226
2069 39049.4 0.000813871
2070 39062.1 0.00081053
2071 39075.7 0.000807203
2072 39088.6 0.000803889
2073 39101.1 0.000800589
2074 39113 0.000797303
2075 39124.7 0.00079403
2076 39136.7 0.000790771
2077 39148.8 0.000787524
2078 39161 0.000784292
2079 39173 0.000781072
2080 39185.2 0.000777866
2081 39197.6 0.000774673
2082 39211.1 0.000771493
2083 39224 0.000768326
2084 39239.2 0.000765172
2085 39252.8 0.000762031
2086 39266.3 0.000758903
2087 39279.7 0.000755787
2088 39291.8 0.000752685
2089 39304.6 0.000749595
2090 39317.5 0.000746518
2091 39330.5 0.000743453
2092 39342.6 0.000740402
2093 39354.9 0.000737362
2094 39366.6 0.000734335
2095 39379.1 0.000731321
2096 39391.9 0.000728319
2097 39404.1 0.000725329
2098 39416.4 0.000722352
2099 39428.8 0.000719386
2100 39440.9 0.000716433
2101 39454.6 0.000713492
2102 39467.8 0.000710564
2103 39481.4 0.000707647
2104 39495.1 0.000704742
2105 39507.5 0.000701849
2106 39522 0.000698968
2107 39550.1 0.000696098
2108 39583.7 0.000693241
2109 39602.8 0.000690395
2110 39615.7 0.000687561
2111 39629.8 0.000684739
2112 39642.1 0.000681928
2113 39692.6 0.000679129
2114 39721.6 0.000676341
2115 39750 0.000673564
2116 39790.2 0.000670799
2117 39820.5 0.000668046
2118 39882.5 0.000665303
2119 39912.7 0.000662572
2120 39942.3 0.000659853
2121 39976.3 0.000657144
2122 40004.7 0.000654446
2123 40044.6 0.00065176
2124 40075.2 0.000649084
2125 40095.8 0.00064642
2126 40109.4 0.000643766
2127 40144.8 0.000641124
2128 40169.1 0.000638492
2129 40183.1 0.000635871
2130 40214.4 0.000633261
2131 40273.6 0.000630661
2132 40302.4 0.000628072
2133 40323.1 0.000625494
2134 40364.7 0.000622926
2135 40392.6 0.000620369
2136 40436.9 0.000617823
2137 40465.5 0.000615286
2138 40492.9 0.000612761
2139 40515.5 0.000610245
2140 40544.3 0.00060774
2141 40606.8 0.000605245
2142 40640 0.000602761
2143 40684.8 0.000600287
2144 40716.4 0.000597822
2145 40745.2 0.000595368
2146 40773.6 0.000592924
2147 40825.5 0.00059049
2148 40860.5 0.000588067
2149 40874.4 0.000585653
2150 40897.5 0.000583248
2151 40926.8 0.000580854
2152 40954.8 0.00057847
2153 40983.3 0.000576095
2154 41011.5 0.00057373
2155 41061 0.000571375
2156 41097.4 0.00056903
2157 41125.5 0.000566694
2158 41153.2 0.000564368
2159 41197.3 0.000562051
2160 41226.4 0.000559744
2161 41258.3 0.000557446
2162 41289.8 0.000555158
2163 41342.4 0.000552879
2164 41371 0.000550609
2165 41400.6 0.000548349
2166 41466.4 0.000546098
2167 41493.5 0.000543856
2168 41518.1 0.000541624
2169 41531.6 0.0005394
2170 41544.6 0.000537186
2171 41557.7 0.000534981
2172 41591.6 0.000532785
2173 41620.3 0.000530598
2174 41654.2 0.00052842
2175 41689.6 0.00052625
2176 41718.8 0.00052409
2177 41750.7 0.000521939
2178 41793.7 0.000519796
2179 41822.6 0.000517662
2180 41862.1 0.000515537
2181 41890.7 0.000513421
2182 41918.4 0.000511314
2183 41947.5 0.000509215
2184 41981.4 0.000507124
2185 42009 0.000505043
2186 42037.5 0.000502969
2187 42051.6 0.000500905
2188 42065.2 0.000498848
2189 42078.6 0.000496801
2190 42092.2 0.000494761
2191 42106.5 0.00049273
2192 42120.4 0.000490708
2193 42148.2 0.000488693
2194 42178 0.000486687
2195 42239.9 0.000484689
2196 42270.1 0.0004827
2197 42299.1 0.000480718
2198 42328.2 0.000478745
2199 42356.1 0.00047678
2200 42384.6 0.000474823
2201 42438.8 0.000472873
2202 42468.3 0.000470932
2203 42496.4 0.000468999
2204 42556.9 0.000467074
2205 42585.6 0.000465156
2206 42644.5 0.000463247
2207 42682.5 0.000461345
2208 42711.6 0.000459452
2209 42741.5 0.000457566
2210 42801.2 0.000455687
2211 42828.1 0.000453817
2212 42855.9 0.000451954
2213 42888 0.000450098
2214 42919.5 0.000448251
2215 42934.5 0.000446411
2216 42948.9 0.000444578
2217 42999 0.000442753
2218 43027.2 0.000440936
2219 43056.2 0.000439126
2220 43083.9 0.000437323
2221 43126.5 0.000435528
2222 43190.4 0.00043374
2223 43218.6 0.00043196
2224 43247.9 0.000430186
2225 43285.4 0.00042842
2226 43319 0.000426662
2227 43354.3 0.00042491
2228 43381.9 0.000423166
2229 43412.7 0.000421429
2230 43438.9 0.000419699
2231 43452.1 0.000417976
2232 43464.8 0.00041626
2233 43479.1 0.000414552
2234 43493.5 0.00041285
2235 43506.5 0.000411155
2236 43519.1 0.000409467
2237 43532.4 0.000407787
2238 43564.6 0.000406113
2239 43594.1 0.000404445
2240 43621.4 0.000402785
2241 43650.8 0.000401132
2242 43697.4 0.000399485
2243 43728 0.000397845
2244 43759.5 0.000396212
2245 43794.3 0.000394586
2246 43821.8 0.000392966
2247 43851 0.000391353
2248 43909.4 0.000389746
2249 43936.9 0.000388146
2250 43965.8 0.000386553
2251 43996 0.000384966
2252 44061.4 0.000383386
2253 44089.3 0.000381812
2254 44117.7 0.000380245
2255 44163.4 0.000378684
2256 44192.5 0.000377129
2257 44220.5 0.000375581
2258 44266.7 0.00037404
2259 44305.2 0.000372504
2260 44333.7 0.000370975
2261 44378.5 0.000369452
2262 44407.3 0.000367936
2263 44435.5 0.000366425
2264 44488.8 0.000364921
2265 44520.1 0.000363423
2266 44551.3 0.000361931
2267 44575.1 0.000360445
2268 44603.1 0.000358966
2269 44615.8 0.000357492
2270 44639.1 0.000356025
2271 44667.6 0.000354563
2272 44688.1 0.000353108
2273 44702.9 0.000351658
2274 44736.7 0.000350215
2275 44751.8 0.000348777
2276 44766.6 0.000347345
2277 44785.2 0.00034592
2278 44814.2 0.0003445
2279 44826.4 0.000343085
2280 44839.7 0.000341677
2281 44890.6 0.000340274
2282 44918.6 0.000338878
2283 44956.8 0.000337486
2284 44984.5 0.000336101
2285 45024 0.000334721
2286 45055.1 0.000333347
2287 45084.7 0.000331979
2288 45114.1 0.000330616
2289 45143.2 0.000329259
2290 45184.3 0.000327907
2291 45250.8 0.000326561
2292 45281.7 0.000325221
2293 45295.3 0.000323886
2294 45307.8 0.000322556
2295 45322 0.000321232
2296 45336.5 0.000319914
2297 45349.1 0.0003186
2298 45415.5 0.000317292
2299 45478.1 0.00031599
2300 45506.1 0.000314693
2301 45532.7 0.000313401
2302 45563.4 0.000312114
2303 45594.4 0.000310833
2304 45631.8 0.000309557
2305 45660.4 0.000308287
2306 45688.4 0.000307021
2307 45716.4 0.000305761
2308 45745.4 0.000304506
2309 45777 0.000303256
2310 45805.4 0.000302011
2311 45832.7 0.000300771
2312 45854.5 0.000299536
2313 45889.5 0.000298307
2314 45920.1 0.000297082
2315 45950.1 0.000295863
2316 45978.7 0.000294648
2317 46008.1 0.000293439
2318 46036 0.000292234
2319 46064.4 0.000291034
2320 46123.5 0.00028984
2321 46152.3 0.00028865
2322 46171.9 0.000287465
2323 46185.8 0.000286285
2324 46215 0.00028511
2325 46248 0.000283939
2326 46263.5 0.000282774
2327 46277.6 0.000281613
2328 46296.2 0.000280457
2329 46335.4 0.000279306
2330 46363.6 0.000278159
2331 46411.5 0.000277017
2332 46441.2 0.00027588
2333 46474.1 0.000274748
2334 46486.9 0.00027362
2335 46499.7 0.000272497
2336 46532.3 0.000271378
2337 46577.4 0.000270264
2338 46606.2 0.000269155
2339 46636.2 0.00026805
2340 46674.9 0.000266949
2341 46703.8 0.000265854
2342 46731.8 0.000264762
2343 46773.6 0.000263675
2344 46818.6 0.000262593
2345 46849.8 0.000261515
2346 46909.3 0.000260442
2347 46937.3 0.000259372
2348 46966.2 0.000258308
2349 47012.6 0.000257247
2350 47041.3 0.000256191
2351 47057.6 0.00025514
2352 47086.9 0.000254092
2353 47115.8 0.000253049
2354 47155 0.000252011
2355 47186.4 0.000250976
2356 47220.7 0.000249946
2357 47250.1 0.00024892
2358 47295.5 0.000247898
2359 47331.2 0.00024688
2360 47379 0.000245867
2361 47412.4 0.000244858
2362 47440.8 0.000243853
2363 47470 0.000242851
2364 47500.8 0.000241855
2365 47560.1 0.000240862
2366 47590 0.000239873
2367 47618.6 0.000238888
2368 47652.1 0.000237908
2369 47682.2 0.000236931
2370 47710.8 0.000235959
2371 47739.9 0.00023499
2372 47768.6 0.000234025
2373 47796.9 0.000233065
2374 47825.2 0.000232108
2375 47859.5 0.000231155
2376 47902.6 0.000230206
2377 47930.3 0.000229261
2378 47960.3 0.00022832
2379 47988.7 0.000227383
2380 48017.2 0.000226449
2381 48046.4 0.00022552
2382 48073.8 0.000224594
2383 48112.7 0.000223672
2384 48143.5 0.000222754
2385 48204.5 0.00022184
2386 48237.4 0.000220929
2387 48268.1 0.000220022
2388 48296.6 0.000219119
2389 48337.3 0.000218219
2390 48389.3 0.000217324
2391 48417.9 0.000216431
2392 48446.4 0.000215543
2393 48474.6 0.000214658
2394 48502.6 0.000213777
2395 48530.1 0.000212899
2396 48571.3 0.000212025
2397 48611.4 0.000211155
2398 48639.6 0.000210288
2399 48668.1 0.000209425
2400 48714.8 0.000208565
2401 48742.7 0.000207709
2402 48778.9 0.000206857
2403 48800.2 0.000206007
2404 48815.4 0.000205162
2405 48829.3 0.00020432
2406 48849.7 0.000203481
2407 48910.7 0.000202646
2408 48930.7 0.000201814
2409 48948.5 0.000200985
2410 48977.6 0.00020016
2411 49041.9 0.000199339
2412 49071.5 0.00019852
2413 49099.5 0.000197705
2414 49133.6 0.000196894
2415 49161.2 0.000196086
2416 49191.9 0.000195281
2417 49221.2 0.000194479
2418 49266.7 0.000193681
2419 49296.9 0.000192886
2420 49324.3 0.000192094
2421 49352.5 0.000191305
2422 49381.4 0.00019052
2423 49446 0.000189738
2424 49478.9 0.000188959
2425 49506.6 0.000188183
2426 49569.9 0.000187411
2427 49598.4 0.000186642
2428 49625.4 0.000185875
2429 49654 0.000185112
2430 49722.3 0.000184352
2431 49750.4 0.000183596
2432 49778.2 0.000182842
2433 49808.1 0.000182091
2434 49837.5 0.000181344
2435 49868 0.0001806
2436 49913.4 0.000179858
2437 49962.5 0.00017912
2438 49999.2 0.000178385
2439 50025.9 0.000177652
2440 50056.7 0.000176923
2441 50101.8 0.000176197
2442 50133.9 0.000175474
2443 50194.6 0.000174753
2444 50224.5 0.000174036
2445 50252.1 0.000173321
2446 50275.6 0.00017261
2447 50290.4 0.000171901
2448 50310.6 0.000171196
2449 50373.9 0.000170493
2450 50424.4 0.000169793
2451 50454.1 0.000169096
2452 50502.1 0.000168402
2453 50529.9 0.000167711
2454 50592.8 0.000167022
2455 50630.6 0.000166337
2456 50658 0.000165654
2457 50686.2 0.000164974
2458 50715.7 0.000164297
2459 50749.2 0.000163622
2460 50764.8 0.00016295
2461 50778.7 0.000162282
2462 50796.7 0.000161615
2463 50829.1 0.000160952
2464 50868.7 0.000160291
2465 50899.3 0.000159633
2466 50929.3 0.000158978
2467 50965.5 0.000158325
2468 50987.3 0.000157675
2469 51017.1 0.000157028
2470 51061 0.000156384
2471 51100.6 0.000155742
2472 51129.2 0.000155102
2473 51158.4 0.000154466
2474 51210.9 0.000153832
2475 51241.3 0.0001532
2476 51270 0.000152571
2477 51305 0.000151945
2478 51333 0.000151321
2479 51360.4 0.0001507
2480 51390.4 0.000150081
2481 51430.6 0.000149465
2482 51459.4 0.000148852
2483 51487.6 0.000148241
2484 51552.2 0.000147632
2485 51590.5 0.000147026
2486 51619.5 0.000146423
2487 51650.2 0.000145822
2488 51706.2 0.000145223
2489 51734 0.000144627
2490 51763.1 0.000144033
2491 51797.3 0.000143442
2492 51857.4 0.000142853
2493 51886.7 0.000142267
2494 51916.1 0.000141683
2495 51945.9 0.000141101
2496 51983.8 0.000140522
2497 52020.3 0.000139945
2498 52049.3 0.00013937
2499 52099.8 0.000138798
2500 52128.2 0.000138229
2501 52156.6 0.000137661
2502 52215.5 0.000137096
2503 52253.2 0.000136533
2504 52276.8 0.000135973
2505 52313.6 0.000135415
2506 52341.8 0.000134859
2507 52370.1 0.000134305
2508 52413 0.000133754
2509 52430.5 0.000133205
2510 52464.1 0.000132658
2511 52508.1 0.000132113
2512 52526.9 0.000131571
2513 52542.1 0.000131031
2514 52570.1 0.000130493
2515 52597.9 0.000129957
2516 52627.4 0.000129424
2517 52693.2 0.000128893
2518 52721.8 0.000128364
2519 52749.3 0.000127837
2520 52778.7 0.000127312
2521 52809.3 0.000126789
2522 52839 0.000126269
2523 52869.6 0.00012575
2524 52899.2 0.000125234
2525 52913.9 0.00012472
2526 52928.2 0.000124208
2527 52941.4 0.000123698
2528 52957.5 0.000123191
2529 52973.4 0.000122685
2530 52990.1 0.000122181
2531 53006.7 0.00012168
2532 53039.3 0.00012118
2533 53070 0.000120683
2534 53104.8 0.000120187
2535 53136.8 0.000119694
2536 53168.7 0.000119203
2537 53214.9 0.000118713
2538 53245.5 0.000118226
2539 53281.2 0.000117741
2540 53312.4 0.000117257
2541 53373.1 0.000116776
2542 53392.1 0.000116297
2543 53426.6 0.000115819
2544 53457.3 0.000115344
2545 53486 0.00011487
2546 53513.6 0.000114399
2547 53542.4 0.000113929
2548 53572.5 0.000113461
2549 53610.9 0.000112996
2550 53647.6 0.000112532
2551 53687.3 0.00011207
2552 53705.2 0.00011161
2553 53723.2 0.000111152
2554 53740.5 0.000110695
2555 53754.9 0.000110241
2556 53773.7 0.000109789
2557 53804.6 0.000109338
2558 53833.6 0.000108889
2559 53868.5 0.000108442
2560 53897.4 0.000107997
2561 53929.4 0.000107554
2562 53958.8 0.000107112
2563 53987.9 0.000106672
2564 54019.1 0.000106234
2565 54047.8 0.000105798
2566 54081.6 0.000105364
2567 54108.7 0.000104932
2568 54124.7 0.000104501
2569 54143 0.000104072
2570 54157.7 0.000103645
2571 54171.3 0.000103219
2572 54189.1 0.000102795
2573 54210.8 0.000102373
2574 54232.1 0.000101953
2575 54263.1 0.000101535
2576 54291.5 0.000101118
2577 54330.2 0.000100703
2578 54358.6 0.000100289
2579 54386.7 9.98777e-05
